0.9990757110745813,Exeggcute,Grass,Psychic,325,60,40,80,60,45,40
0.9986631874462059,Castform,Normal,,420,70,70,70,70,70,70
0.9984005387651579,Boldore,Rock,,390,70,105,105,50,40,20
0.9955598646301276,MeloettaPirouette Forme,Normal,Fighting,600,100,128,90,77,77,128
0.9905967502407922,Phione,Water,,480,80,80,80,80,80,80
0.98852463293964,KeldeoOrdinary Forme,Water,Fighting,580,91,72,90,129,90,108
0.9870177876071385,Omanyte,Rock,Water,355,35,40,100,90,55,35
0.9854053057360708,Graveler,Rock,Ground,390,55,95,115,45,45,35
0.9847758062150817,Porygon2,Normal,,515,85,80,90,105,95,60
0.9841401191488212,Groudon,Ground,,670,100,150,140,100,90,90
0.9836575631324589,Marshtomp,Water,Ground,405,70,85,70,60,70,50
0.9832240313516476,Rotom,Electric,Ghost,440,50,50,77,95,77,91
0.9807983441448368,Ursaring,Normal,,500,90,130,75,75,75,55
0.9784927106717807,Quilava,Fire,,405,58,64,58,80,65,80
0.9730369675324172,Kingdra,Water,Dragon,540,75,95,95,95,95,85
0.9729298774354627,Bibarel,Normal,Water,410,79,85,60,55,60,71
0.972344418800813,Quilladin,Grass,,405,61,78,95,56,58,57
0.9723248488312691,Lampent,Ghost,Fire,370,60,40,60,95,60,55
0.9721175879559472,Vaporeon,Water,,525,130,65,60,110,95,65
0.9718148995640019,Whiscash,Water,Ground,468,110,78,73,76,71,60
0.9667379331633329,Dusclops,Ghost,,455,40,70,130,60,130,25
0.9658505163174523,Lanturn,Water,Electric,460,125,58,58,76,76,67
0.962220865482997,Hippopotas,Ground,,330,68,72,78,38,42,32
0.9615247614313842,Armaldo,Rock,Bug,495,75,125,100,70,80,45
0.9606273690860515,ThundurusTherian Forme,Electric,Flying,580,79,105,70,145,80,101
0.9595335113010854,Gligar,Ground,Flying,430,65,75,105,35,65,85
0.9574307665404481,Chikorita,Grass,,318,45,49,65,49,65,45
0.9572978427603142,Banette,Ghost,,455,64,115,65,83,63,65
0.9559921528125059,Froslass,Ice,Ghost,480,70,80,70,80,70,110
0.9546167920514029,Mesprit,Psychic,,580,80,105,105,105,105,80
0.9522128469200248,AerodactylMega Aerodactyl,Rock,Flying,615,80,135,85,70,95,150
0.9517978605515413,Ferrothorn,Grass,Steel,489,74,94,131,54,116,20
0.9516648360641708,Swirlix,Fairy,,341,62,48,66,59,57,49
0.9503573916876684,Dwebble,Bug,Rock,325,50,65,85,35,35,55
0.94969613728447,LopunnyMega Lopunny,Normal,Fighting,580,65,136,94,54,96,135
0.9478195311849765,Pawniard,Dark,Steel,340,45,85,70,40,40,60
0.9426340239739305,Lapras,Water,Ice,535,130,85,80,85,95,60
0.937849955857934,Carracosta,Water,Rock,495,74,108,133,83,65,32
0.9307201492323577,Tranquill,Normal,Flying,358,62,77,62,50,42,65
0.928216868289712,PumpkabooAverage Size,Ghost,Grass,335,49,66,70,44,55,51
0.9277773825909403,Salamence,Dragon,Flying,600,95,135,80,110,80,100
0.9242415610128817,Kabuto,Rock,Water,355,30,80,90,55,45,55
0.9235898627171965,Skuntank,Poison,Dark,479,103,93,67,71,61,84
0.9218766487045044,Kabutops,Rock,Water,495,60,115,105,65,70,80
0.9216395355233754,KangaskhanMega Kangaskhan,Normal,,590,105,125,100,60,100,100
0.9178016945144182,Clauncher,Water,,330,50,53,62,58,63,44
0.9168244124221172,RotomMow Rotom,Electric,Grass,520,50,65,107,105,107,86
0.9096693193961397,Lumineon,Water,,460,69,69,76,69,86,91
0.9084636310208521,Dragalge,Poison,Dragon,494,65,75,90,97,123,44
0.9078469134747708,Relicanth,Water,Rock,485,100,90,130,45,65,55
0.9061040709972437,Linoone,Normal,,420,78,70,61,50,61,100
0.9034870685553636,Staraptor,Normal,Flying,485,85,120,70,50,60,100
0.9033277021439948,Ivysaur,Grass,Poison,405,60,62,63,80,80,60
0.9032148735304696,Haxorus,Dragon,,540,76,147,90,60,70,97
0.9002557453083886,Zekrom,Dragon,Electric,680,100,150,120,120,100,90
0.8987134703549321,Tirtouga,Water,Rock,355,54,78,103,53,45,22
0.8983866613683041,Trevenant,Ghost,Grass,474,85,110,76,65,82,56
0.8966797010470837,Florges,Fairy,,552,78,65,68,112,154,75
0.8938676842739441,Dragonair,Dragon,,420,61,84,65,70,70,70
0.8892750337766664,DeoxysSpeed Forme,Psychic,,600,50,95,90,95,90,180
0.8806612285164267,Chimecho,Psychic,,425,65,50,70,95,80,65
0.8769064605605249,Unfezant,Normal,Flying,488,80,115,80,65,55,93
0.8762243368703172,Crobat,Poison,Flying,535,85,90,80,70,80,130
0.8748912832315907,Cherrim,Grass,,450,70,60,70,87,78,85
0.8748039896210078,Combusken,Fire,Fighting,405,60,85,60,85,60,55
0.8746791099223823,Nidoking,Poison,Ground,505,81,102,77,85,75,85
0.8744401735395119,Cradily,Rock,Grass,495,86,81,97,81,107,43
0.8718072246298971,VenusaurMega Venusaur,Grass,Poison,625,80,100,123,122,120,80
0.8716506475701167,Shelmet,Bug,,305,50,40,85,40,65,25
0.8716088327770832,Altaria,Dragon,Flying,490,75,70,90,70,105,80
0.8705185885523654,Pineco,Bug,,290,50,65,90,35,35,15
0.8701811133808409,Electivire,Electric,,540,75,123,67,95,85,95
0.8699521035436005,Camerupt,Fire,Ground,460,70,100,70,105,75,40
0.86949208405517,Finneon,Water,,330,49,49,56,49,61,66
0.8650054462189581,Terrakion,Rock,Fighting,580,91,129,90,72,90,108
0.8632645588643627,Spinda,Normal,,360,60,60,60,60,60,60
0.8630784924140815,Shiftry,Grass,Dark,480,90,100,60,90,60,80
0.8610824773777896,Reuniclus,Psychic,,490,110,65,75,125,85,30
0.860575479858609,Clawitzer,Water,,500,71,73,88,120,89,59
0.858898735434867,Doublade,Steel,Ghost,448,59,110,150,45,49,35
0.8586455625661742,Torterra,Grass,Ground,525,95,109,105,75,85,56
0.8501567895984448,RayquazaMega Rayquaza,Dragon,Flying,780,105,180,100,180,100,115
0.8501222729453217,Nosepass,Rock,,375,30,45,135,45,90,30
0.8497624362767535,Corphish,Water,,308,43,80,65,50,35,35
0.8460535103305429,Charmeleon,Fire,,405,58,64,58,80,65,80
0.8439382325277862,Ferroseed,Grass,Steel,305,44,50,91,24,86,10
0.8419930177009425,Latias,Dragon,Psychic,600,80,80,90,110,130,110
0.8409078058314552,Hippowdon,Ground,,525,108,112,118,68,72,47
0.8377948901207136,BanetteMega Banette,Ghost,,555,64,165,75,93,83,75
0.8364579631002099,Mantine,Water,Flying,465,65,40,70,80,140,70
0.8295408240017546,ScizorMega Scizor,Bug,Steel,600,70,150,140,65,100,75
0.8283836128844555,Bellossom,Grass,,490,75,80,95,90,100,50
0.8266653878807315,Infernape,Fire,Fighting,534,76,104,71,104,71,108
0.8230090830130178,Magcargo,Fire,Rock,410,50,50,120,80,80,30
0.8181587680186144,Beldum,Steel,Psychic,300,40,55,80,35,60,30
0.8167778348313639,Shuckle,Bug,Rock,505,20,10,230,10,230,5
0.8161548813548986,Victini,Psychic,Fire,600,100,100,100,100,100,100
0.8144144029722581,Rhyhorn,Ground,Rock,345,80,85,95,30,30,25
0.8129765830421553,GiratinaAltered Forme,Ghost,Dragon,680,150,100,120,100,120,90
0.8128563743070599,Prinplup,Water,,405,64,66,68,81,76,50
0.8108534177364313,Huntail,Water,,485,55,104,105,94,75,52
0.8090521500430075,GengarMega Gengar,Ghost,Poison,600,60,65,80,170,95,130
0.8080467527579501,PidgeotMega Pidgeot,Normal,Flying,579,83,80,80,135,80,121
0.80676965642227,Togekiss,Fairy,Flying,545,85,50,95,120,115,80
0.8063133056306062,Charizard,Fire,Flying,534,78,84,78,109,85,100
0.8059798895063177,Crawdaunt,Water,Dark,468,63,120,85,90,55,55
0.8022889008408385,AbomasnowMega Abomasnow,Grass,Ice,594,90,132,105,132,105,30
0.8006576866213874,Croconaw,Water,,405,65,80,80,59,63,58
0.798650716246999,Beheeyem,Psychic,,485,75,75,75,125,95,40
0.7967141323918442,Tyrunt,Rock,Dragon,362,58,89,77,45,45,48
0.7953842616918909,Togetic,Fairy,Flying,405,55,40,85,80,105,40
0.7904273249543418,Zweilous,Dark,Dragon,420,72,85,70,65,70,58
0.7900035777027802,Watchog,Normal,,420,60,85,69,60,69,77
0.7891743139437716,Xatu,Psychic,Flying,470,65,75,70,95,70,95
0.7865916188079995,Chesnaught,Grass,Fighting,530,88,107,122,74,75,64
0.7856822972145796,Hitmontop,Fighting,,455,50,95,95,35,110,70
0.7854820371525917,Garbodor,Poison,,474,80,95,82,60,82,75
0.7851300107013951,Swampert,Water,Ground,535,100,110,90,85,90,60
0.7833594538579446,Klink,Steel,,300,40,55,70,45,60,30
0.7823455530879355,Nidorino,Poison,,365,61,72,57,55,55,65
0.7802358611784962,Klefki,Steel,Fairy,470,57,80,91,80,87,75
0.7786563126565975,Yamask,Ghost,,303,38,30,85,55,65,30
0.7781477391597349,Greninja,Water,Dark,530,72,95,67,103,71,122
0.7770626456356198,Cofagrigus,Ghost,,483,58,50,145,95,105,30
0.772993208726462,GiratinaOrigin Forme,Ghost,Dragon,680,150,120,100,120,100,90
0.7632867069187734,MeloettaAria Forme,Normal,Psychic,600,100,77,77,128,128,90
0.7578932877564469,Scraggy,Dark,Fighting,348,50,75,70,35,70,48
0.7574414043722144,Hitmonchan,Fighting,,455,50,105,79,35,110,76
0.7553903630856639,Magnemite,Electric,Steel,325,25,35,70,95,55,45
0.7476945190878149,Pinsir,Bug,,500,65,125,100,55,70,85
0.7442495114548338,Seismitoad,Water,Ground,509,105,95,75,85,75,74
0.7382182288380741,Exeggutor,Grass,Psychic,520,95,95,85,125,65,55
0.7375509544935434,Aggron,Steel,Rock,530,70,110,180,60,60,50
0.734781047459407,Metang,Steel,Psychic,420,60,75,100,55,80,50
0.7336681918920195,Scizor,Bug,Steel,500,70,130,100,55,80,65
0.7329911352455039,Kingler,Water,,475,55,130,115,50,50,75
0.7321002368496997,Braviary,Normal,Flying,510,100,123,75,57,75,80
0.7307978785375931,Hydreigon,Dark,Dragon,600,92,105,90,125,90,98
0.728948211496621,Roserade,Grass,Poison,515,60,70,65,125,105,90
0.7286988109036858,Clamperl,Water,,345,35,64,85,74,55,32
0.7281465634845578,Mienshao,Fighting,,510,65,125,60,95,60,105
0.7250359147268722,Marowak,Ground,,425,60,80,110,50,80,45
0.724720439356794,Excadrill,Ground,Steel,508,110,135,60,50,65,88
0.7234245550708903,MetagrossMega Metagross,Steel,Psychic,700,80,145,150,105,110,110
0.7208855847289166,Donphan,Ground,,500,90,120,120,60,60,50
0.717752155326075,Pachirisu,Electric,,405,60,45,70,45,90,95
0.7166757225742205,Spiritomb,Ghost,Dark,485,50,92,108,92,108,35
0.7155113830357347,WormadamPlant Cloak,Bug,Grass,424,60,59,85,79,105,36
0.7118999179910084,PinsirMega Pinsir,Bug,Flying,600,65,155,120,65,90,105
0.709015811947382,Porygon-Z,Normal,,535,85,80,70,135,75,90
0.7074994819916224,PumpkabooSuper Size,Ghost,Grass,335,59,66,70,44,55,41
0.6992983637307272,Spritzee,Fairy,,341,78,52,60,63,65,23
0.6978328133322247,SableyeMega Sableye,Dark,Ghost,480,50,85,125,85,115,20
0.6950376076392315,Goldeen,Water,,320,45,67,60,35,50,63
0.6916886036726663,CharizardMega Charizard Y,Fire,Flying,634,78,104,78,159,115,100
0.688392253470381,Bisharp,Dark,Steel,490,65,125,100,60,70,70
0.6878739687753138,Furret,Normal,,415,85,76,64,45,55,90
0.687696589337704,Grotle,Grass,,405,75,89,85,55,65,36
0.6797349983659396,Rampardos,Rock,,495,97,165,60,65,50,58
0.6776448409744477,DarmanitanZen Mode,Fire,Psychic,540,105,30,105,140,105,55
0.676563254798775,Breloom,Grass,Fighting,460,60,130,80,60,60,70
0.6757164855081867,Togepi,Fairy,,245,35,20,65,40,65,20
0.6742003059521093,Barbaracle,Rock,Water,500,72,105,115,54,86,68
0.6720820855120774,Rhydon,Ground,Rock,485,105,130,120,45,45,40
0.6693313433325444,MedichamMega Medicham,Fighting,Psychic,510,60,100,85,80,85,100
0.6663308981201466,Purugly,Normal,,452,71,82,64,64,59,112
0.6661977262640696,Kecleon,Normal,,440,60,90,70,60,120,40
0.662827567473251,Simisear,Fire,,498,75,98,63,98,63,101
0.6611181548138868,BlastoiseMega Blastoise,Water,,630,79,103,120,135,115,78
0.6576436933753114,Sandslash,Ground,,450,75,100,110,45,55,65
0.6572901138019309,Lugia,Psychic,Flying,680,106,90,130,90,154,110
0.6572623675155697,GardevoirMega Gardevoir,Psychic,Fairy,618,68,85,65,165,135,100
0.6567931694403247,Registeel,Steel,,580,80,75,150,75,150,50
0.6563709142535231,Eelektrik,Electric,,405,65,85,70,75,70,40
0.6521159022568283,Zangoose,Normal,,458,73,115,60,60,60,90
0.6518388939195391,Lilligant,Grass,,480,70,60,75,110,75,90
0.6506676836870495,Slurpuff,Fairy,,480,82,80,86,85,75,72
0.6505414997662283,Tangela,Grass,,435,65,55,115,100,40,60
0.6493213078667422,Cubone,Ground,,320,50,50,95,40,50,35
0.6492703414583028,Emolga,Electric,Flying,428,55,75,60,75,60,103
0.6488801215871866,Shellder,Water,,305,30,65,100,45,25,40
0.6485971531182995,Slaking,Normal,,670,150,160,100,95,65,100
0.6479625227497524,Gyarados,Water,Flying,540,95,125,79,60,100,81
0.642405306020785,Starmie,Water,Psychic,520,60,75,85,100,85,115
0.6365629420990482,Heatran,Fire,Steel,600,91,90,106,130,106,77
0.6360816784033138,Zapdos,Electric,Flying,580,90,90,85,125,90,100
0.635739880539283,Axew,Dragon,,320,46,87,60,30,40,57
0.6351715434925855,Arceus,Normal,,720,120,120,120,120,120,120
0.6347639738880128,Blaziken,Fire,Fighting,530,80,120,70,110,70,80
0.6323651729758101,Luxray,Electric,,523,80,120,79,95,79,70
0.6322273532419453,Parasect,Bug,Grass,405,60,95,80,60,80,30
0.6317594862494438,Sceptile,Grass,,530,70,85,65,105,85,120
0.6286157680668824,AltariaMega Altaria,Dragon,Fairy,590,75,110,110,110,105,80
0.6262832336256066,Magnezone,Electric,Steel,535,70,70,115,130,90,60
0.6260626906308403,Steelix,Steel,Ground,510,75,85,200,55,65,30
0.6259595214672136,Magmar,Fire,,495,65,95,57,100,85,93
0.6259389017933527,Victreebel,Grass,Poison,490,80,105,65,100,70,70
0.6255392645688796,Rapidash,Fire,,500,65,100,70,80,80,105
0.6228223464922709,TornadusIncarnate Forme,Flying,,580,79,115,70,125,80,111
0.6212323757995926,SwampertMega Swampert,Water,Ground,635,100,150,110,95,110,70
0.6210970523751713,Leavanny,Bug,Grass,500,75,103,80,70,80,92
0.6186550451160876,Politoed,Water,,500,90,75,75,90,100,70
0.615901710244565,Delcatty,Normal,,380,70,65,65,55,55,70
0.6150456044118925,Lairon,Steel,Rock,430,60,90,140,50,50,40
0.6145829118580489,Druddigon,Dragon,,485,77,120,90,60,90,48
0.6145114962761489,Masquerain,Bug,Flying,414,70,60,62,80,82,60
0.6104652535981375,LandorusTherian Forme,Ground,Flying,600,89,145,90,105,80,91
0.6096427130127223,Golem,Rock,Ground,495,80,120,130,55,65,45
0.607978037862221,Quagsire,Water,Ground,430,95,85,85,65,65,35
0.6061785517877242,Phanpy,Ground,,330,90,60,60,40,40,40
0.6037027264944042,GroudonPrimal Groudon,Ground,Fire,770,100,180,160,150,90,90
0.5989360116825851,Wartortle,Water,,405,59,63,80,65,80,58
0.5955973931796844,Wobbuffet,Psychic,,405,190,33,58,33,58,33
0.5949855480406826,Seadra,Water,,440,55,65,95,95,45,85
0.5940148247136386,ShayminLand Forme,Grass,,600,100,100,100,100,100,100
0.593393823256029,Klinklang,Steel,,520,60,100,115,70,85,90
0.5892665967550208,CameruptMega Camerupt,Fire,Ground,560,70,120,100,145,105,20
0.5877509807555615,Jirachi,Steel,Psychic,600,100,100,100,100,100,100
0.585604100558948,Girafarig,Normal,Psychic,455,70,80,65,90,65,85
0.5837736925500923,Celebi,Psychic,Grass,600,100,100,100,100,100,100
0.5834306161350291,KyogrePrimal Kyogre,Water,,770,100,150,90,180,160,90
0.5824251628761979,Nidorina,Poison,,365,70,62,67,55,55,56
0.5809536941337539,Ambipom,Normal,,482,75,100,66,60,66,115
0.5795534313492602,Weezing,Poison,,490,65,90,120,85,70,60
0.5792255546105752,Regigigas,Normal,,670,110,160,110,80,110,100
0.5756309177569748,Vigoroth,Normal,,440,80,80,80,55,55,90
0.5753129956445427,Granbull,Fairy,,450,90,120,75,60,60,45
0.5691515707823105,Stunfisk,Ground,Electric,471,109,66,84,81,99,32
0.5691503142908243,Trubbish,Poison,,329,50,50,62,40,62,65
0.5684965015362493,WormadamSandy Cloak,Bug,Ground,424,60,79,105,59,85,36
0.5674577538936892,GourgeistSmall Size,Ghost,Grass,494,55,85,122,58,75,99
0.5668308560708192,Feraligatr,Water,,530,85,105,100,79,83,78
0.5659294370016886,Uxie,Psychic,,580,75,75,130,75,130,95
0.5641163456412297,GarchompMega Garchomp,Dragon,Ground,700,108,170,115,120,95,92
0.5635342897647466,Volcanion,Fire,Water,600,80,110,120,130,90,70
0.5633577834345436,Eelektross,Electric,,515,85,115,80,105,80,50
0.5619000161004534,Arcanine,Fire,,555,90,110,80,100,80,95
0.5607725798368873,Krookodile,Ground,Dark,519,95,117,80,65,70,92
0.5607316050400317,SharpedoMega Sharpedo,Water,Dark,560,70,140,70,110,65,105
0.5582671957475506,Sableye,Dark,Ghost,380,50,75,75,65,65,50
0.5570001617376493,Krabby,Water,,325,30,105,90,25,25,50
0.5568191741566884,Golduck,Water,,500,80,82,78,95,80,85
0.5526116720341852,Machamp,Fighting,,505,90,130,80,65,85,55
0.5518259355773787,AegislashShield Forme,Steel,Ghost,520,60,50,150,50,150,60
0.5481548173035475,Xerneas,Fairy,,680,126,131,95,131,98,99
0.546617614125801,Venipede,Bug,Poison,260,30,45,59,30,39,57
0.5444274585486809,Sawsbuck,Normal,Grass,475,80,100,70,60,70,95
0.5442601365307428,Diancie,Rock,Fairy,600,50,100,150,100,150,50
0.5436015244633416,Fearow,Normal,Flying,442,65,90,65,61,61,100
0.5414916942520797,Weavile,Dark,Ice,510,70,120,65,45,85,125
0.5383982331563139,Zebstrika,Electric,,497,75,100,63,80,63,116
0.5373777258265066,Tentacruel,Water,Poison,515,80,70,65,80,120,100
0.5362445048071349,Gastrodon,Water,Ground,475,111,83,68,92,82,39
0.5349150852266712,Azumarill,Water,Fairy,420,100,50,80,60,80,50
0.5335231464820771,Slakoth,Normal,,280,60,60,60,35,35,30
0.5330554630859923,Vanilluxe,Ice,,535,71,95,85,110,95,79
0.5319084068614437,Reshiram,Dragon,Fire,680,100,120,100,150,120,90
0.531444289183297,Solrock,Rock,Psychic,440,70,95,85,55,65,70
0.5313080171185787,Volcarona,Bug,Fire,550,85,60,65,135,105,100
0.5295261645833382,Throh,Fighting,,465,120,100,85,30,85,45
0.5293093513777846,Seviper,Poison,,458,73,100,60,100,60,65
0.522453024033114,Magmortar,Fire,,540,75,95,67,125,95,83
0.5217764811021453,Pidgeot,Normal,Flying,479,83,80,75,70,70,101
0.5208411345044384,Totodile,Water,,314,50,65,64,44,48,43
0.5200712586981648,Gliscor,Ground,Flying,510,75,95,125,45,75,95
0.5173779985237995,Audino,Normal,,445,103,60,86,60,86,50
0.5155041197326371,AmpharosMega Ampharos,Electric,Dragon,610,90,95,105,165,110,45
0.5138320649723378,RotomWash Rotom,Electric,Water,520,50,65,107,105,107,86
0.5137975985715882,Darkrai,Dark,,600,70,90,90,135,90,125
0.5113710470232926,Aron,Steel,Rock,330,50,70,100,40,40,30
0.509554102270852,Bonsly,Rock,,290,50,80,95,10,45,10
0.5090837124981609,Probopass,Rock,Steel,525,60,55,145,75,150,40
0.5088950127749426,Vileplume,Grass,Poison,490,75,80,85,110,90,50
0.507453832830595,Snorlax,Normal,,540,160,110,65,65,110,30
0.5063940983571311,Genesect,Bug,Steel,600,71,120,95,120,95,99
0.5047689674132786,Cloyster,Water,Ice,525,50,95,180,85,45,70
0.5042184899939492,Sandshrew,Ground,,300,50,75,85,20,30,40
0.5028833432131958,Jellicent,Water,Ghost,480,100,60,70,85,105,60
0.5004167729870769,Carbink,Rock,Fairy,500,50,50,150,50,150,50
0.5000387997854283,Dewgong,Water,Ice,475,90,70,80,70,95,70
0.4992621840942858,Abomasnow,Grass,Ice,494,90,92,75,92,85,60
0.498798219270271,AggronMega Aggron,Steel,,630,70,140,230,60,80,50
0.4983483230532656,ThundurusIncarnate Forme,Electric,Flying,580,79,115,70,125,80,111
0.49772741181397573,Sealeo,Ice,Water,410,90,60,70,75,70,45
0.4932696782247781,Cresselia,Psychic,,600,120,70,120,75,130,85
0.4918479052814798,Regice,Ice,,580,80,50,100,100,200,50
0.48989250806015205,Seaking,Water,,450,80,92,65,65,80,68
0.48969345749011917,Dewott,Water,,413,75,75,60,83,60,60
0.4884044261563,Scolipede,Bug,Poison,485,60,100,89,55,69,112
0.4858447463710007,Stoutland,Normal,,500,85,110,90,45,90,80
0.4850426353397961,Pyroar,Fire,Normal,507,86,68,72,109,66,106
0.4829466787667087,Bagon,Dragon,,300,45,75,60,40,30,50
0.48063573640108515,Whirlipede,Bug,Poison,360,40,55,99,40,79,47
0.4799584753578108,KyuremBlack Kyurem,Dragon,Ice,700,125,170,100,120,90,95
0.47839478710593375,Gigalith,Rock,,515,85,135,130,60,80,25
0.47836519037881375,Crustle,Bug,Rock,475,70,95,125,65,75,45
0.4750578683571517,Delphox,Fire,Psychic,534,75,69,72,114,100,104
0.47300692299945435,Walrein,Ice,Water,530,110,80,90,95,90,65
0.4675186396490866,GourgeistSuper Size,Ghost,Grass,494,85,100,122,58,75,54
0.4606919520119497,Umbreon,Dark,,525,95,65,110,60,130,65
0.4602755953578602,Electrode,Electric,,480,60,50,70,80,80,140
0.4586922497820737,Gallade,Psychic,Fighting,518,68,125,65,65,115,80
0.45645414982646404,Duskull,Ghost,,295,20,40,90,30,90,25
0.45578514634894285,Nincada,Bug,Ground,266,31,45,90,30,30,40
0.45339385304454227,Ninetales,Fire,,505,73,76,75,81,100,100
0.4531797751041723,Shroomish,Grass,,295,60,40,60,40,60,35
0.4526004101438864,Venusaur,Grass,Poison,525,80,82,83,100,100,80
0.45244827660935993,Amoonguss,Grass,Poison,464,114,85,70,85,80,30
0.45234687850247957,Metagross,Steel,Psychic,600,80,135,130,95,90,70
0.4519922578534088,AlakazamMega Alakazam,Psychic,,590,55,50,65,175,95,150
0.44562235493347135,SlowbroMega Slowbro,Water,Psychic,590,95,75,180,130,80,30
0.44376241301027164,Golbat,Poison,Flying,455,75,80,70,65,75,90
0.443594405966943,Ampharos,Electric,,510,90,75,85,115,90,55
0.4433143511684182,Sawk,Fighting,,465,75,125,75,30,75,85
0.44316079877569237,Simipour,Water,,498,75,98,63,98,63,101
0.44098908139715676,Whimsicott,Grass,Fairy,480,60,67,85,77,75,116
0.4406884358875429,Bronzong,Steel,Psychic,500,67,89,116,79,116,33
0.4402406738851521,Mightyena,Dark,,420,70,90,70,60,60,70
0.4393278303111806,Escavalier,Bug,Steel,495,70,135,105,60,105,20
0.43794123576508315,GourgeistLarge Size,Ghost,Grass,494,75,95,122,58,75,69
0.4347093299044904,Mawile,Steel,Fairy,380,50,85,85,55,55,50
0.43303574465065975,Electabuzz,Electric,,490,65,83,57,95,85,105
0.43086591059701973,Gorebyss,Water,,485,55,84,105,114,75,52
0.43003531383022997,Malamar,Dark,Psychic,482,86,92,88,68,75,73
0.4298740115307661,Golurk,Ground,Ghost,483,89,124,80,55,80,55
0.4274401289126559,Mew,Psychic,,600,100,100,100,100,100,100
0.4227775157271525,ManectricMega Manectric,Electric,,575,70,75,80,135,80,135
0.4208445176168949,Dialga,Steel,Dragon,680,100,120,120,150,100,90
0.42036128320378796,Nidoqueen,Poison,Ground,505,90,92,87,75,85,76
0.4193044804651913,Medicham,Fighting,Psychic,410,60,60,75,60,75,80
0.41728255806893566,SceptileMega Sceptile,Grass,Dragon,630,70,110,75,145,85,145
0.41564673119187756,Aromatisse,Fairy,,462,101,72,72,99,89,29
0.4144146966137481,GalladeMega Gallade,Psychic,Fighting,618,68,165,95,65,115,110
0.41315504089365984,Pelipper,Water,Flying,430,60,50,100,85,70,65
0.41248964206163374,Horsea,Water,,295,30,40,70,70,25,60
0.4119702556861278,Raikou,Electric,,580,90,85,75,115,100,115
0.4098218633853522,Rhyperior,Ground,Rock,535,115,140,130,55,55,40
0.408030688967297,Binacle,Rock,Water,306,42,52,67,39,56,50
0.40599584908994735,Geodude,Rock,Ground,300,40,80,100,30,30,20
0.404994889236052,SalamenceMega Salamence,Dragon,Flying,700,95,145,130,120,90,120
0.4046574980132972,Jumpluff,Grass,Flying,460,75,55,70,55,95,110
0.40347252086539387,AbsolMega Absol,Dark,,565,65,150,60,115,60,115
0.40342426452809543,Aerodactyl,Rock,Flying,515,80,105,65,60,75,130
0.401889704588694,Pangoro,Fighting,Dark,495,95,124,78,69,71,58
0.4018253883988552,Flygon,Ground,Dragon,520,80,100,80,80,80,100
0.4012004110919958,Musharna,Psychic,,487,116,55,85,107,95,29
0.39824619548709583,Scyther,Bug,Flying,500,70,110,80,55,80,105
0.39646462412994765,Dragonite,Dragon,Flying,600,91,134,95,100,100,80
0.39587141403428805,MeowsticMale,Psychic,,466,74,48,76,83,81,104
0.3957107333647878,Aurorus,Rock,Ice,521,123,77,72,99,92,58
0.3945228211204794,Gogoat,Grass,,531,123,100,62,97,81,68
0.39142949377469305,Braixen,Fire,,409,59,59,58,90,70,73
0.38144770647016135,HoundoomMega Houndoom,Dark,Fire,600,75,90,90,140,90,115
0.38047903745622624,HoopaHoopa Confined,Psychic,Ghost,600,80,110,60,150,130,70
0.3798112227339834,Corsola,Water,Rock,380,55,55,85,65,85,35
0.3787981862382298,Zygarde50% Forme,Dragon,Ground,600,108,100,121,81,95,95
0.37827785561563976,Mamoswine,Ice,Ground,530,110,130,80,70,60,80
0.3704057396516326,Moltres,Fire,Flying,580,90,100,90,125,85,90
0.36952670641244034,Bronzor,Steel,Psychic,300,57,24,86,24,86,23
0.36679815106870695,Vanillish,Ice,,395,51,65,65,80,75,59
0.3664825494395235,Vullaby,Dark,Flying,370,70,55,75,45,65,60
0.36548340981958694,Slowbro,Water,Psychic,490,95,75,110,100,80,30
0.3648620936769449,Honedge,Steel,Ghost,325,45,80,100,35,37,28
0.36449256833058863,HoopaHoopa Unbound,Psychic,Dark,680,80,160,60,170,130,80
0.3644169563526197,Pupitar,Rock,Ground,410,70,84,70,65,70,51
0.3634630498883574,Empoleon,Water,Steel,530,84,86,88,111,101,60
0.36045470729856566,Gardevoir,Psychic,Fairy,518,68,65,65,125,115,80
0.3579670598626765,Skorupi,Poison,Bug,330,40,50,90,30,55,65
0.3556675599793703,Mewtwo,Psychic,,680,106,110,90,154,90,130
0.35557432148390067,AudinoMega Audino,Normal,Fairy,545,103,60,126,80,126,50
0.35541824917118714,Yveltal,Dark,Flying,680,126,131,95,131,98,99
0.3552296089868414,KeldeoResolute Forme,Water,Fighting,580,91,72,90,129,90,108
0.3551640450749094,Latios,Dragon,Psychic,600,80,90,80,130,110,110
0.3444045374156348,Stantler,Normal,,465,73,95,62,85,65,85
0.3436142761242428,Samurott,Water,,528,95,100,85,108,70,70
0.34249685231189864,GourgeistAverage Size,Ghost,Grass,494,65,90,122,58,75,84
0.34047716338972644,Cottonee,Grass,Fairy,280,40,27,60,37,50,66
0.33000541416428164,Dodrio,Normal,Flying,460,60,110,70,60,60,100
0.32894872595625735,Ariados,Bug,Poison,390,70,90,70,60,60,40
0.32329418044172287,Gothorita,Psychic,,390,60,45,70,75,85,55
0.3227556438767334,Glaceon,Ice,,525,65,60,110,130,95,65
0.3209732354188152,Gabite,Dragon,Ground,410,68,90,65,50,55,82
0.31931745434729164,Poliwrath,Water,Fighting,510,90,95,95,70,90,70
0.3190242239740948,Galvantula,Bug,Electric,472,70,77,60,97,60,108
0.3165931569790976,Dustox,Bug,Poison,385,60,50,70,50,90,65
0.3165800751232647,Espeon,Psychic,,525,65,65,60,130,95,110
0.3079712778447812,Qwilfish,Water,Poison,430,65,95,75,55,55,85
0.30588942932903995,Beartic,Ice,,485,95,110,80,70,80,50
0.3006061445942695,Turtwig,Grass,,318,55,68,64,45,55,31
0.2979544584512567,Jolteon,Electric,,525,65,65,60,110,95,130
0.296673701355757,Lickilicky,Normal,,515,110,85,95,80,95,50
0.2960185125268212,Lopunny,Normal,,480,65,76,84,54,96,105
0.29416011067050707,Ludicolo,Water,Grass,480,80,70,70,90,100,70
0.29315528991050877,Tyrantrum,Rock,Dragon,521,82,121,119,69,59,71
0.28742659680439697,Lunatone,Rock,Psychic,440,70,55,65,95,85,70
0.28665409793119134,Ho-oh,Fire,Flying,680,106,130,90,110,154,90
0.2855608632006389,Absol,Dark,,465,65,130,60,75,60,75
0.28548925189367913,WormadamTrash Cloak,Bug,Steel,424,60,69,95,69,95,36
0.2850946915683955,Arbok,Poison,,438,60,85,69,65,79,80
0.28353490531926206,Cinccino,Normal,,470,75,95,60,65,60,115
0.28143564070424876,MawileMega Mawile,Steel,Fairy,480,50,105,125,55,95,50
0.28017074134278397,Dunsparce,Normal,,415,100,70,70,65,65,45
0.2769999970296815,Bouffalant,Normal,,490,95,110,95,40,95,55
0.27532230841433825,Hypno,Psychic,,483,85,73,70,73,115,67
0.27354287134528676,Lileep,Rock,Grass,355,66,41,77,61,87,23
0.27244380879804175,Grumpig,Psychic,,470,80,45,65,90,110,80
0.2693850871724873,GlalieMega Glalie,Ice,,580,80,120,80,120,80,100
0.26578791251328515,LandorusIncarnate Forme,Ground,Flying,600,89,125,90,115,80,101
0.263032418138998,Heracross,Bug,Fighting,500,80,125,75,40,95,85
0.26032830661084727,Tangrowth,Grass,,535,100,100,125,110,50,50
0.2595726832899924,Dusknoir,Ghost,,525,45,100,135,65,135,45
0.2583262302964914,Sewaddle,Bug,Grass,310,45,53,70,40,60,42
0.2563689930746361,CharizardMega Charizard X,Fire,Dragon,634,78,130,111,130,85,100
0.2546681004784017,Chandelure,Ghost,Fire,520,60,55,90,145,90,80
0.254608073355573,Diggersby,Normal,Ground,423,85,56,77,50,77,78
0.24814184389914073,Durant,Bug,Steel,484,58,109,112,48,48,109
0.24758434590216405,Onix,Rock,Ground,385,35,45,160,30,45,70
0.2460108250295615,Piloswine,Ice,Ground,450,100,100,80,60,60,50
0.24598730665916735,Alomomola,Water,,470,165,75,80,40,45,65
0.2450859006572177,Simisage,Grass,,498,75,98,63,98,63,101
0.2437909736415952,Slowking,Water,Psychic,490,95,75,80,100,110,30
0.2351105325505246,Serperior,Grass,,528,75,75,95,75,95,113
0.2343709247579191,Mr. Mime,Psychic,Fairy,460,40,45,65,100,120,90
0.2331836904143606,Magneton,Electric,Steel,465,50,60,95,120,70,70
0.23303291289753691,Gurdurr,Fighting,,405,85,105,85,40,50,40
0.2328526402726262,Cobalion,Steel,Fighting,580,91,90,129,90,72,108
0.23236722962584344,Kangaskhan,Normal,,490,105,95,80,40,80,90
0.23009264866655899,Claydol,Ground,Psychic,500,60,70,105,70,120,75
0.22366206416247747,HeracrossMega Heracross,Bug,Fighting,600,80,185,115,40,105,75
0.21925451666629148,Squirtle,Water,,314,44,48,65,50,64,43
0.21906206599592293,DiancieMega Diancie,Rock,Fairy,700,50,160,110,160,110,110
0.21838615943579454,Avalugg,Ice,,514,95,117,184,44,46,28
0.21624338968202805,TyranitarMega Tyranitar,Rock,Dark,700,100,164,150,95,120,71
0.21457029993951326,BlazikenMega Blaziken,Fire,Fighting,630,80,160,80,130,80,100
0.21425250955793051,Misdreavus,Ghost,,435,60,60,60,85,85,85
0.21374405937480367,Virizion,Grass,Fighting,580,91,90,72,90,129,108
0.2108488592285681,Primeape,Fighting,,455,65,105,60,60,70,95
0.21016882880405863,Kyogre,Water,,670,100,100,90,150,140,90
0.20991557790450865,Yanmega,Bug,Flying,515,86,76,86,116,56,95
0.20914109868886388,Sigilyph,Psychic,Flying,490,72,58,80,103,80,97
0.2080584900947906,Swablu,Normal,Flying,310,45,40,60,40,75,50
0.20733695056071166,Basculin,Water,,460,70,92,65,80,55,98
0.2066925499190969,KyuremWhite Kyurem,Dragon,Ice,700,125,120,90,170,100,95
0.20470186455127304,Articuno,Ice,Flying,580,90,85,100,95,125,85
0.20244133141482978,Swalot,Poison,,467,100,73,83,73,83,55
0.20157217794317206,Typhlosion,Fire,,534,78,84,78,109,85,100
0.19822199121073514,Bergmite,Ice,,304,55,69,85,32,35,28
0.19754879388479074,Heatmor,Fire,,484,85,97,66,105,66,65
0.1942934921221191,Azelf,Psychic,,580,75,125,70,125,70,115
0.1937567498030185,MeowsticFemale,Psychic,,466,74,48,76,83,81,104
0.19181638820392755,Lucario,Fighting,Steel,525,70,110,70,115,70,90
0.19167896791422534,Porygon,Normal,,395,65,60,70,85,75,40
0.19124100228946028,RotomFan Rotom,Electric,Flying,520,50,65,107,105,107,86
0.1910165352306029,Gothitelle,Psychic,,490,70,55,95,95,110,65
0.18697730039250193,Hariyama,Fighting,,474,144,120,60,40,60,50
0.18498582462470847,Meganium,Grass,,525,80,82,100,83,100,80
0.1841520612170453,Roggenrola,Rock,,280,55,75,85,25,25,15
0.18331585275964235,Manectric,Electric,,475,70,75,60,105,60,105
0.18289279789660873,Tauros,Normal,,490,75,100,95,40,70,110
0.18195665188206134,Omastar,Rock,Water,495,70,60,125,115,70,55
0.17549267716929506,Skrelp,Poison,Water,320,50,60,60,60,60,30
0.17394416321992667,Gloom,Grass,Poison,395,60,65,70,85,75,40
0.17334772742794236,Servine,Grass,,413,60,60,75,60,75,83
0.17160396218067775,Archeops,Rock,Flying,567,75,140,65,112,65,110
0.1715788471114459,Forretress,Bug,Steel,465,75,90,140,60,60,40
0.17003233324121925,Swanna,Water,Flying,473,75,87,63,87,63,98
0.16743702464764654,Entei,Fire,,580,115,115,85,90,75,100
0.16735813123830934,Scrafty,Dark,Fighting,488,65,90,115,45,115,58
0.16507732690416166,Exploud,Normal,,490,104,91,63,91,73,68
0.16395744212737717,Kyurem,Dragon,Ice,660,125,130,90,130,90,95
0.16389068523516037,MewtwoMega Mewtwo Y,Psychic,,780,106,150,70,194,120,140
0.16249137277001824,Shieldon,Rock,Steel,350,30,42,118,42,88,30
0.16125282133595298,Talonflame,Fire,Flying,499,78,81,71,74,69,126
0.16039590528410286,Furfrou,Normal,,472,75,80,60,65,90,102
0.15858173223091387,Vespiquen,Bug,Flying,474,70,80,102,80,102,40
0.15793677125702388,Muk,Poison,,500,105,105,75,65,100,50
0.15397591479122463,Leafeon,Grass,,525,65,110,130,60,65,95
0.15057135166845492,Poliwhirl,Water,,385,65,65,65,50,50,90
0.15010065528084826,DeoxysDefense Forme,Psychic,,600,50,70,160,70,160,90
0.1451131545427754,Swellow,Normal,Flying,430,60,85,60,50,50,125
0.14504576628684995,Clefable,Fairy,,483,95,70,73,95,90,60
0.14253438915508476,Palkia,Water,Dragon,680,90,120,100,150,120,100
0.141129516228785,Carnivine,Grass,,454,74,100,72,90,72,46
0.14064137227165452,ShayminSky Forme,Grass,Flying,600,100,103,75,120,75,127
0.13972333114193514,Emboar,Fire,Fighting,528,110,123,65,100,65,65
0.13545967667925252,Persian,Normal,,440,65,70,60,65,65,115
0.1353409842332891,Raticate,Normal,,413,55,81,60,50,70,97
0.12883770903023795,Garchomp,Dragon,Ground,600,108,130,95,80,85,102
0.12816206757245707,Zoroark,Dark,,510,60,105,60,120,60,105
0.1276359868751934,Machoke,Fighting,,405,80,100,70,50,60,45
0.12682889317822088,GyaradosMega Gyarados,Water,Dark,640,95,155,109,70,130,81
0.12404300762888498,Miltank,Normal,,490,95,80,105,40,70,100
0.12207039971778211,PumpkabooLarge Size,Ghost,Grass,335,54,66,70,44,55,46
0.12156111425690763,LatiosMega Latios,Dragon,Psychic,700,80,130,100,160,120,110
0.12102630702161932,Rayquaza,Dragon,Flying,680,105,150,90,150,90,95
0.11842124317789793,Fraxure,Dragon,,410,66,117,70,40,50,67
0.11777667512131218,Cacturne,Grass,Dark,475,70,115,60,115,60,55
0.11213740349212675,Shelgon,Dragon,,420,65,95,100,60,50,50
0.10998782930231543,Litleo,Fire,Normal,369,62,50,58,73,54,72
0.10988294247677222,Noivern,Flying,Dragon,535,85,70,80,97,80,123
0.10865317136350039,PumpkabooSmall Size,Ghost,Grass,335,44,66,70,44,55,56
0.10807159597768345,Tropius,Grass,Flying,460,99,68,83,72,87,51
0.10763687396797972,Flareon,Fire,,525,65,130,60,95,110,65
0.10366699836124649,Klang,Steel,,440,60,80,95,70,85,50
0.10336893167443573,Goodra,Dragon,,600,90,100,70,110,150,80
0.10127808968117646,MewtwoMega Mewtwo X,Psychic,Fighting,780,106,190,100,154,100,130
0.10003891365890061,Lickitung,Normal,,385,90,55,75,60,75,30
0.09835250228157244,Suicune,Water,,580,100,75,115,90,115,85
0.09812087977426831,Tyranitar,Rock,Dark,600,100,134,110,95,100,61
0.09327989972819362,LatiasMega Latias,Dragon,Psychic,700,80,100,120,140,150,110
0.08785330314984519,Spewpa,Bug,,213,45,22,60,27,30,29
0.0869216115697995,Bastiodon,Rock,Steel,495,60,52,168,47,138,30
0.08657216313615534,Octillery,Water,,480,75,105,75,105,75,45
0.08158604755451415,Maractus,Grass,,461,75,86,67,106,67,60
0.07128403833553276,Bayleef,Grass,,405,60,62,80,63,80,60
0.0700616256388602,Pancham,Fighting,,348,67,82,62,46,48,43
0.06524358685487508,Slowpoke,Water,Psychic,315,90,65,65,40,40,15
0.06454103444613435,Torkoal,Fire,,470,70,85,140,85,70,20
0.06403907045169577,SteelixMega Steelix,Steel,Ground,610,75,125,230,55,95,30
0.06266757347975194,Glalie,Ice,,480,80,80,80,80,80,80
0.0597229676626837,Venomoth,Bug,Poison,450,70,65,60,90,75,90
0.05808115198220376,Dedenne,Electric,Fairy,431,67,58,57,81,67,101
0.054087183434564756,Mandibuzz,Dark,Flying,510,110,65,105,55,95,80
0.053574411400261424,TornadusTherian Forme,Flying,,580,79,100,80,110,90,121
0.0506886598020696,Regirock,Rock,,580,80,100,200,50,100,50
0.045214014807111846,Koffing,Poison,,340,40,65,95,60,45,35
0.04281101456168146,Milotic,Water,,540,95,60,79,100,125,81
0.033105854371632604,Mismagius,Ghost,,495,60,60,60,105,105,105
0.03104659608139604,RotomFrost Rotom,Electric,Ice,520,50,65,107,105,107,86
0.030268889615737482,Toxicroak,Poison,Fighting,490,83,106,65,86,65,85
0.028545375131711848,Manaphy,Water,,600,100,100,100,100,100,100
0.02687670027726141,Conkeldurr,Fighting,,505,105,140,95,55,65,45
0.02624113896939828,Sylveon,Fairy,,525,95,65,65,110,130,60
0.020175106662111086,Sudowoodo,Rock,,410,70,100,115,30,65,30
0.019301964715369824,RotomHeat Rotom,Electric,Fire,520,50,65,107,105,107,86
0.015298391695863112,Skarmory,Steel,Flying,465,65,80,140,40,70,70
0.014930063482464284,Hawlucha,Fighting,Flying,500,78,92,75,74,63,118
0.014900375831421675,Herdier,Normal,,370,65,80,65,35,65,60
0.014303897092543982,Gengar,Ghost,Poison,500,60,65,60,130,75,110
0.01086397578222964,LucarioMega Lucario,Fighting,Steel,625,70,145,88,140,70,112
0.00898706469448085,Swadloon,Bug,Grass,380,55,63,90,50,80,42
0.007838316751093366,Drapion,Poison,Dark,500,70,90,110,60,75,95
0.0035078573565384685,Blastoise,Water,,530,79,83,100,85,105,78
0.0028915869531496163,Chespin,Grass,,313,56,61,65,48,45,38
