0.9980207710006915,LatiasMega Latias,Dragon,Psychic,700,80,100,120,140,150,110
0.9971911351666066,Vileplume,Grass,Poison,490,75,80,85,110,90,50
0.9968829769760187,Dialga,Steel,Dragon,680,100,120,120,150,100,90
0.9946086370033047,Krookodile,Ground,Dark,519,95,117,80,65,70,92
0.9936106749284919,Abomasnow,Grass,Ice,494,90,92,75,92,85,60
0.9930939300325892,Bastiodon,Rock,Steel,495,60,52,168,47,138,30
0.9922082755392674,Clefable,Fairy,,483,95,70,73,95,90,60
0.9920611162737675,Flygon,Ground,Dragon,520,80,100,80,80,80,100
0.9914904648720976,Sableye,Dark,Ghost,380,50,75,75,65,65,50
0.9833738893617541,Ambipom,Normal,,482,75,100,66,60,66,115
0.9821402718494093,Skorupi,Poison,Bug,330,40,50,90,30,55,65
0.982118969548183,Forretress,Bug,Steel,465,75,90,140,60,60,40
0.9812734494042121,TyranitarMega Tyranitar,Rock,Dark,700,100,164,150,95,120,71
0.9807368213911831,Furfrou,Normal,,472,75,80,60,65,90,102
0.9807286726214527,Tyranitar,Rock,Dark,600,100,134,110,95,100,61
0.9805174500232962,RotomFrost Rotom,Electric,Ice,520,50,65,107,105,107,86
0.966109757838263,Qwilfish,Water,Poison,430,65,95,75,55,55,85
0.9643893260455416,Escavalier,Bug,Steel,495,70,135,105,60,105,20
0.9640584334780214,RotomWash Rotom,Electric,Water,520,50,65,107,105,107,86
0.9628871007061646,Pineco,Bug,,290,50,65,90,35,35,15
0.9625141692330306,Arcanine,Fire,,555,90,110,80,100,80,95
0.9613140621109374,Yanmega,Bug,Flying,515,86,76,86,116,56,95
0.9606783414375858,Regirock,Rock,,580,80,100,200,50,100,50
0.9605164682511322,Geodude,Rock,Ground,300,40,80,100,30,30,20
0.960429918578707,Seismitoad,Water,Ground,509,105,95,75,85,75,74
0.9602188052852216,Zoroark,Dark,,510,60,105,60,120,60,105
0.9577752835920538,Umbreon,Dark,,525,95,65,110,60,130,65
0.9572929869317431,Crustle,Bug,Rock,475,70,95,125,65,75,45
0.9562145627639679,Lampent,Ghost,Fire,370,60,40,60,95,60,55
0.9560588445600778,Suicune,Water,,580,100,75,115,90,115,85
0.9495001409158368,Maractus,Grass,,461,75,86,67,106,67,60
0.9450359760249104,Hydreigon,Dark,Dragon,600,92,105,90,125,90,98
0.944405066047609,Krabby,Water,,325,30,105,90,25,25,50
0.9443572825818541,Basculin,Water,,460,70,92,65,80,55,98
0.9442862528914454,Pupitar,Rock,Ground,410,70,84,70,65,70,51
0.9407249858947405,AbsolMega Absol,Dark,,565,65,150,60,115,60,115
0.9403476504129824,Relicanth,Water,Rock,485,100,90,130,45,65,55
0.9390466696966554,Omastar,Rock,Water,495,70,60,125,115,70,55
0.9362491625744356,Haxorus,Dragon,,540,76,147,90,60,70,97
0.9358119834013593,Wartortle,Water,,405,59,63,80,65,80,58
0.934872035297147,Diancie,Rock,Fairy,600,50,100,150,100,150,50
0.9345001041690327,AegislashShield Forme,Steel,Ghost,520,60,50,150,50,150,60
0.930620909636782,Florges,Fairy,,552,78,65,68,112,154,75
0.9298248952910281,SteelixMega Steelix,Steel,Ground,610,75,125,230,55,95,30
0.9291927358106734,Salamence,Dragon,Flying,600,95,135,80,110,80,100
0.9272239335571896,Jolteon,Electric,,525,65,65,60,110,95,130
0.9255356492217529,Greninja,Water,Dark,530,72,95,67,103,71,122
0.924489331206284,Bisharp,Dark,Steel,490,65,125,100,60,70,70
0.9229563191901415,HoundoomMega Houndoom,Dark,Fire,600,75,90,90,140,90,115
0.9222886962589033,Barbaracle,Rock,Water,500,72,105,115,54,86,68
0.9220868764950332,GarchompMega Garchomp,Dragon,Ground,700,108,170,115,120,95,92
0.9218049316858864,Armaldo,Rock,Bug,495,75,125,100,70,80,45
0.9163579517231951,Dusknoir,Ghost,,525,45,100,135,65,135,45
0.9160803612362215,ShayminLand Forme,Grass,,600,100,100,100,100,100,100
0.9152222371699933,Emolga,Electric,Flying,428,55,75,60,75,60,103
0.9129161815867968,Delcatty,Normal,,380,70,65,65,55,55,70
0.9112664995015318,Lapras,Water,Ice,535,130,85,80,85,95,60
0.9092479477901105,Phanpy,Ground,,330,90,60,60,40,40,40
0.9060501080200406,Stunfisk,Ground,Electric,471,109,66,84,81,99,32
0.9023534612832497,Granbull,Fairy,,450,90,120,75,60,60,45
0.9020655864004764,Empoleon,Water,Steel,530,84,86,88,111,101,60
0.9009534398640852,Tirtouga,Water,Rock,355,54,78,103,53,45,22
0.8997968726674324,MedichamMega Medicham,Fighting,Psychic,510,60,100,85,80,85,100
0.8986729654241816,Eelektrik,Electric,,405,65,85,70,75,70,40
0.8954302380178357,Noivern,Flying,Dragon,535,85,70,80,97,80,123
0.894535714604462,Cradily,Rock,Grass,495,86,81,97,81,107,43
0.8925931585390012,Misdreavus,Ghost,,435,60,60,60,85,85,85
0.8900743208313381,MewtwoMega Mewtwo Y,Psychic,,780,106,150,70,194,120,140
0.8889836522693049,Swablu,Normal,Flying,310,45,40,60,40,75,50
0.8887711367437678,Hippopotas,Ground,,330,68,72,78,38,42,32
0.8865492875300575,Walrein,Ice,Water,530,110,80,90,95,90,65
0.8835806166957412,Tentacruel,Water,Poison,515,80,70,65,80,120,100
0.882560673438604,Porygon,Normal,,395,65,60,70,85,75,40
0.8817375313672065,Clamperl,Water,,345,35,64,85,74,55,32
0.880246400351576,Regice,Ice,,580,80,50,100,100,200,50
0.8787400498645752,Victreebel,Grass,Poison,490,80,105,65,100,70,70
0.8773346564804956,CharizardMega Charizard X,Fire,Dragon,634,78,130,111,130,85,100
0.8725981333840563,Machamp,Fighting,,505,90,130,80,65,85,55
0.8698426344011949,Magmortar,Fire,,540,75,95,67,125,95,83
0.8685538863390808,Shuckle,Bug,Rock,505,20,10,230,10,230,5
0.8684604616151749,Carracosta,Water,Rock,495,74,108,133,83,65,32
0.8646131448101085,Xerneas,Fairy,,680,126,131,95,131,98,99
0.8619745986865188,Axew,Dragon,,320,46,87,60,30,40,57
0.8616033236010897,Mamoswine,Ice,Ground,530,110,130,80,70,60,80
0.8598519761545381,Phione,Water,,480,80,80,80,80,80,80
0.8583691560369708,Gastrodon,Water,Ground,475,111,83,68,92,82,39
0.8543622157756419,Milotic,Water,,540,95,60,79,100,125,81
0.8534007396824431,LandorusTherian Forme,Ground,Flying,600,89,145,90,105,80,91
0.8533576863994768,KeldeoOrdinary Forme,Water,Fighting,580,91,72,90,129,90,108
0.853197984181986,Banette,Ghost,,455,64,115,65,83,63,65
0.8489837444548116,Dragonair,Dragon,,420,61,84,65,70,70,70
0.8479903513209561,Aurorus,Rock,Ice,521,123,77,72,99,92,58
0.8468288605904977,Kabuto,Rock,Water,355,30,80,90,55,45,55
0.8458509945135523,Talonflame,Fire,Flying,499,78,81,71,74,69,126
0.8455144293989371,Lairon,Steel,Rock,430,60,90,140,50,50,40
0.8442695513551194,Trevenant,Ghost,Grass,474,85,110,76,65,82,56
0.8428888677960142,Kecleon,Normal,,440,60,90,70,60,120,40
0.8428639275524636,Carbink,Rock,Fairy,500,50,50,150,50,150,50
0.8380798183371895,ShayminSky Forme,Grass,Flying,600,100,103,75,120,75,127
0.8366857939500619,Altaria,Dragon,Flying,490,75,70,90,70,105,80
0.8320369315647624,Stantler,Normal,,465,73,95,62,85,65,85
0.8299203278415062,Celebi,Psychic,Grass,600,100,100,100,100,100,100
0.8287001303083315,Reshiram,Dragon,Fire,680,100,120,100,150,120,90
0.8235924371456147,Sawk,Fighting,,465,75,125,75,30,75,85
0.8234671069017082,Tyrunt,Rock,Dragon,362,58,89,77,45,45,48
0.8205928480954334,MeowsticMale,Psychic,,466,74,48,76,83,81,104
0.8185558537886319,Bronzor,Steel,Psychic,300,57,24,86,24,86,23
0.8168120409665756,Klefki,Steel,Fairy,470,57,80,91,80,87,75
0.8151076256878249,SwampertMega Swampert,Water,Ground,635,100,150,110,95,110,70
0.8138937968049054,Absol,Dark,,465,65,130,60,75,60,75
0.8129739730778571,DiancieMega Diancie,Rock,Fairy,700,50,160,110,160,110,110
0.8116446772598662,AlakazamMega Alakazam,Psychic,,590,55,50,65,175,95,150
0.8066561611746145,LandorusIncarnate Forme,Ground,Flying,600,89,125,90,115,80,101
0.8048310249796302,Prinplup,Water,,405,64,66,68,81,76,50
0.802390496114901,Conkeldurr,Fighting,,505,105,140,95,55,65,45
0.8020758976391359,Gigalith,Rock,,515,85,135,130,60,80,25
0.800511399722123,Galvantula,Bug,Electric,472,70,77,60,97,60,108
0.8003696309748549,Parasect,Bug,Grass,405,60,95,80,60,80,30
0.7954415641075181,Volcanion,Fire,Water,600,80,110,120,130,90,70
0.7951278992313621,Dwebble,Bug,Rock,325,50,65,85,35,35,55
0.7945248800452335,PidgeotMega Pidgeot,Normal,Flying,579,83,80,80,135,80,121
0.7892009563224484,Skuntank,Poison,Dark,479,103,93,67,71,61,84
0.7856576409341605,Victini,Psychic,Fire,600,100,100,100,100,100,100
0.7856529192591064,Zangoose,Normal,,458,73,115,60,60,60,90
0.7795018028597975,Zygarde50% Forme,Dragon,Ground,600,108,100,121,81,95,95
0.7790283056831048,Reuniclus,Psychic,,490,110,65,75,125,85,30
0.778070043118905,Venusaur,Grass,Poison,525,80,82,83,100,100,80
0.777987080214999,RayquazaMega Rayquaza,Dragon,Flying,780,105,180,100,180,100,115
0.7770538984745607,Chandelure,Ghost,Fire,520,60,55,90,145,90,80
0.7754762530509779,Charizard,Fire,Flying,534,78,84,78,109,85,100
0.7733113679056018,Machoke,Fighting,,405,80,100,70,50,60,45
0.7716140177436933,Steelix,Steel,Ground,510,75,85,200,55,65,30
0.7691606578043538,Combusken,Fire,Fighting,405,60,85,60,85,60,55
0.7623980295863524,Kangaskhan,Normal,,490,105,95,80,40,80,90
0.7619278474828068,Mewtwo,Psychic,,680,106,110,90,154,90,130
0.7586608883425133,GiratinaAltered Forme,Ghost,Dragon,680,150,100,120,100,120,90
0.7571158134777124,Swadloon,Bug,Grass,380,55,63,90,50,80,42
0.7560982113215666,Masquerain,Bug,Flying,414,70,60,62,80,82,60
0.75074308397096,Delphox,Fire,Psychic,534,75,69,72,114,100,104
0.7506227121069164,Sealeo,Ice,Water,410,90,60,70,75,70,45
0.7495102079951006,KeldeoResolute Forme,Water,Fighting,580,91,72,90,129,90,108
0.7482883766094957,Sandslash,Ground,,450,75,100,110,45,55,65
0.7437850338291504,Persian,Normal,,440,65,70,60,65,65,115
0.7420212973050104,Musharna,Psychic,,487,116,55,85,107,95,29
0.7419202749554518,Probopass,Rock,Steel,525,60,55,145,75,150,40
0.7401325423922571,ThundurusTherian Forme,Electric,Flying,580,79,105,70,145,80,101
0.7379483727424356,Fearow,Normal,Flying,442,65,90,65,61,61,100
0.7342121113676348,GiratinaOrigin Forme,Ghost,Dragon,680,150,120,100,120,100,90
0.7336929720805029,Drapion,Poison,Dark,500,70,90,110,60,75,95
0.7325455573883967,MetagrossMega Metagross,Steel,Psychic,700,80,145,150,105,110,110
0.7306510272693127,Cacturne,Grass,Dark,475,70,115,60,115,60,55
0.725425355837328,Marshtomp,Water,Ground,405,70,85,70,60,70,50
0.7232683231493838,Scolipede,Bug,Poison,485,60,100,89,55,69,112
0.7225937309930731,Arbok,Poison,,438,60,85,69,65,79,80
0.7161207132401044,Rotom,Electric,Ghost,440,50,50,77,95,77,91
0.71456244485552,Heracross,Bug,Fighting,500,80,125,75,40,95,85
0.7137806179454925,Volcarona,Bug,Fire,550,85,60,65,135,105,100
0.7137697899714562,Kyurem,Dragon,Ice,660,125,130,90,130,90,95
0.7137591610423977,Tranquill,Normal,Flying,358,62,77,62,50,42,65
0.7130212841725949,AudinoMega Audino,Normal,Fairy,545,103,60,126,80,126,50
0.7129097200861125,Jellicent,Water,Ghost,480,100,60,70,85,105,60
0.7108663252811189,Alomomola,Water,,470,165,75,80,40,45,65
0.7106723869680612,Seadra,Water,,440,55,65,95,95,45,85
0.7073157271273002,Slowking,Water,Psychic,490,95,75,80,100,110,30
0.7064727323909966,Jumpluff,Grass,Flying,460,75,55,70,55,95,110
0.7059157813138701,Dodrio,Normal,Flying,460,60,110,70,60,60,100
0.7051701842200475,Fraxure,Dragon,,410,66,117,70,40,50,67
0.7039039000324271,Cloyster,Water,Ice,525,50,95,180,85,45,70
0.7038337392550126,Braviary,Normal,Flying,510,100,123,75,57,75,80
0.7010433649869554,Archeops,Rock,Flying,567,75,140,65,112,65,110
0.6998411676922477,Lileep,Rock,Grass,355,66,41,77,61,87,23
0.699145628317316,Omanyte,Rock,Water,355,35,40,100,90,55,35
0.6986812217702726,Bonsly,Rock,,290,50,80,95,10,45,10
0.6962106916308292,Claydol,Ground,Psychic,500,60,70,105,70,120,75
0.6931541655971358,Ariados,Bug,Poison,390,70,90,70,60,60,40
0.692664537296201,Simipour,Water,,498,75,98,63,98,63,101
0.6910418579751526,Zebstrika,Electric,,497,75,100,63,80,63,116
0.6872857399478441,Zekrom,Dragon,Electric,680,100,150,120,120,100,90
0.6802280384666859,Dewott,Water,,413,75,75,60,83,60,60
0.6776563026460435,Cobalion,Steel,Fighting,580,91,90,129,90,72,108
0.6760916177307204,Magnemite,Electric,Steel,325,25,35,70,95,55,45
0.6760491376219238,Gengar,Ghost,Poison,500,60,65,60,130,75,110
0.6760128527720434,Garbodor,Poison,,474,80,95,82,60,82,75
0.6700358096424619,GlalieMega Glalie,Ice,,580,80,120,80,120,80,100
0.6655421830937606,Swirlix,Fairy,,341,62,48,66,59,57,49
0.660299332735551,Yveltal,Dark,Flying,680,126,131,95,131,98,99
0.6591637405353534,PumpkabooSmall Size,Ghost,Grass,335,44,66,70,44,55,56
0.6586999683331601,WormadamSandy Cloak,Bug,Ground,424,60,79,105,59,85,36
0.652979858418053,Sewaddle,Bug,Grass,310,45,53,70,40,60,42
0.6518926392263672,Togekiss,Fairy,Flying,545,85,50,95,120,115,80
0.6446274433638478,Skarmory,Steel,Flying,465,65,80,140,40,70,70
0.643955740887845,Slaking,Normal,,670,150,160,100,95,65,100
0.6389932497388474,Pangoro,Fighting,Dark,495,95,124,78,69,71,58
0.6377247840689685,Kabutops,Rock,Water,495,60,115,105,65,70,80
0.6367979551616021,Nidoking,Poison,Ground,505,81,102,77,85,75,85
0.6312407244716461,Aerodactyl,Rock,Flying,515,80,105,65,60,75,130
0.6289312150304692,Turtwig,Grass,,318,55,68,64,45,55,31
0.6266370530834693,Bibarel,Normal,Water,410,79,85,60,55,60,71
0.6232529564937169,CharizardMega Charizard Y,Fire,Flying,634,78,104,78,159,115,100
0.6213631574128903,Virizion,Grass,Fighting,580,91,90,72,90,129,108
0.6203433553834042,Diggersby,Normal,Ground,423,85,56,77,50,77,78
0.6170565555327948,Espeon,Psychic,,525,65,65,60,130,95,110
0.61406814743413,Shieldon,Rock,Steel,350,30,42,118,42,88,30
0.6137570456110661,Ampharos,Electric,,510,90,75,85,115,90,55
0.6132675770355549,Raticate,Normal,,413,55,81,60,50,70,97
0.6131840309079136,Garchomp,Dragon,Ground,600,108,130,95,80,85,102
0.6124280767036945,Mantine,Water,Flying,465,65,40,70,80,140,70
0.6122802330309646,Dedenne,Electric,Fairy,431,67,58,57,81,67,101
0.6118979331220363,Arceus,Normal,,720,120,120,120,120,120,120
0.6115484057754031,Hippowdon,Ground,,525,108,112,118,68,72,47
0.6106378497812651,Ivysaur,Grass,Poison,405,60,62,63,80,80,60
0.6092380608785543,Vanillish,Ice,,395,51,65,65,80,75,59
0.6086963838698943,Tyrantrum,Rock,Dragon,521,82,121,119,69,59,71
0.6080407285771531,Bouffalant,Normal,,490,95,110,95,40,95,55
0.6040561167965887,CameruptMega Camerupt,Fire,Ground,560,70,120,100,145,105,20
0.6025267838733576,Whiscash,Water,Ground,468,110,78,73,76,71,60
0.6021208572992783,Slakoth,Normal,,280,60,60,60,35,35,30
0.5942808637889755,TornadusIncarnate Forme,Flying,,580,79,115,70,125,80,111
0.5925918363962577,LucarioMega Lucario,Fighting,Steel,625,70,145,88,140,70,112
0.5917095137475301,Zweilous,Dark,Dragon,420,72,85,70,65,70,58
0.5905423191548657,Lickitung,Normal,,385,90,55,75,60,75,30
0.5813300624414336,AggronMega Aggron,Steel,,630,70,140,230,60,80,50
0.5782700795340413,Swampert,Water,Ground,535,100,110,90,85,90,60
0.577722031861452,Nidorino,Poison,,365,61,72,57,55,55,65
0.5776368750110824,Swalot,Poison,,467,100,73,83,73,83,55
0.5774727137063946,Electivire,Electric,,540,75,123,67,95,85,95
0.5774060265045746,Magmar,Fire,,495,65,95,57,100,85,93
0.5773968369998197,Dewgong,Water,Ice,475,90,70,80,70,95,70
0.5744182340622496,Malamar,Dark,Psychic,482,86,92,88,68,75,73
0.5696320290176624,Castform,Normal,,420,70,70,70,70,70,70
0.5694287110718962,Shiftry,Grass,Dark,480,90,100,60,90,60,80
0.5678366586021334,MawileMega Mawile,Steel,Fairy,480,50,105,125,55,95,50
0.5676408611285113,Horsea,Water,,295,30,40,70,70,25,60
0.5675595625309379,Pidgeot,Normal,Flying,479,83,80,75,70,70,101
0.5658521203336089,Poliwhirl,Water,,385,65,65,65,50,50,90
0.5651904762263829,Binacle,Rock,Water,306,42,52,67,39,56,50
0.5558728593837091,Zapdos,Electric,Flying,580,90,90,85,125,90,100
0.5528579114629039,SharpedoMega Sharpedo,Water,Dark,560,70,140,70,110,65,105
0.5520773054047606,Gyarados,Water,Flying,540,95,125,79,60,100,81
0.5457098171086338,GroudonPrimal Groudon,Ground,Fire,770,100,180,160,150,90,90
0.5431057783961382,Metagross,Steel,Psychic,600,80,135,130,95,90,70
0.5418906055694295,HoopaHoopa Confined,Psychic,Ghost,600,80,110,60,150,130,70
0.5409219617787735,Swellow,Normal,Flying,430,60,85,60,50,50,125
0.5372976200517188,Sudowoodo,Rock,,410,70,100,115,30,65,30
0.5365775941587168,Palkia,Water,Dragon,680,90,120,100,150,120,100
0.53648665996663,Manectric,Electric,,475,70,75,60,105,60,105
0.5331104964284545,Watchog,Normal,,420,60,85,69,60,69,77
0.5262171327147181,WormadamTrash Cloak,Bug,Steel,424,60,69,95,69,95,36
0.5228324208917138,Dunsparce,Normal,,415,100,70,70,65,65,45
0.521941266119119,TornadusTherian Forme,Flying,,580,79,100,80,110,90,121
0.521264509736751,Sigilyph,Psychic,Flying,490,72,58,80,103,80,97
0.5182137063883998,Vanilluxe,Ice,,535,71,95,85,110,95,79
0.5159684439022209,Mesprit,Psychic,,580,80,105,105,105,105,80
0.5128368979079498,Bergmite,Ice,,304,55,69,85,32,35,28
0.5123456148813187,GourgeistSmall Size,Ghost,Grass,494,55,85,122,58,75,99
0.5112599935247909,Latias,Dragon,Psychic,600,80,80,90,110,130,110
0.5112361819973678,Rhyperior,Ground,Rock,535,115,140,130,55,55,40
0.5112024163369449,Charmeleon,Fire,,405,58,64,58,80,65,80
0.5099682736375006,Kyogre,Water,,670,100,100,90,150,140,90
0.5064692517426359,Aromatisse,Fairy,,462,101,72,72,99,89,29
0.5057993891474651,Whirlipede,Bug,Poison,360,40,55,99,40,79,47
0.5040449226088204,Regigigas,Normal,,670,110,160,110,80,110,100
0.5012805468746895,Gallade,Psychic,Fighting,518,68,125,65,65,115,80
0.4977582492832511,Exeggcute,Grass,Psychic,325,60,40,80,60,45,40
0.497493102455967,Infernape,Fire,Fighting,534,76,104,71,104,71,108
0.49691856672382473,Kingdra,Water,Dragon,540,75,95,95,95,95,85
0.4963309372310196,PumpkabooAverage Size,Ghost,Grass,335,49,66,70,44,55,51
0.4942713188425282,Spewpa,Bug,,213,45,22,60,27,30,29
0.48867036512298256,Venipede,Bug,Poison,260,30,45,59,30,39,57
0.48780891378312274,Terrakion,Rock,Fighting,580,91,129,90,72,90,108
0.4850039539678438,Gorebyss,Water,,485,55,84,105,114,75,52
0.48248244346902647,MeloettaAria Forme,Normal,Psychic,600,100,77,77,128,128,90
0.4823040672811659,Trubbish,Poison,,329,50,50,62,40,62,65
0.4783858886240516,Glalie,Ice,,480,80,80,80,80,80,80
0.4779783240422356,GengarMega Gengar,Ghost,Poison,600,60,65,80,170,95,130
0.4760005198046975,Togetic,Fairy,Flying,405,55,40,85,80,105,40
0.474740476384918,Azelf,Psychic,,580,75,125,70,125,70,115
0.4724346845560502,ScizorMega Scizor,Bug,Steel,600,70,150,140,65,100,75
0.4721785346392403,Primeape,Fighting,,455,65,105,60,60,70,95
0.4718181222557022,Golurk,Ground,Ghost,483,89,124,80,55,80,55
0.4714758820892214,KyuremBlack Kyurem,Dragon,Ice,700,125,170,100,120,90,95
0.4699804608409299,Gogoat,Grass,,531,123,100,62,97,81,68
0.4695297767747506,GyaradosMega Gyarados,Water,Dark,640,95,155,109,70,130,81
0.4692324607048858,Bagon,Dragon,,300,45,75,60,40,30,50
0.46722056971833326,GalladeMega Gallade,Psychic,Fighting,618,68,165,95,65,115,110
0.46710681539434207,Entei,Fire,,580,115,115,85,90,75,100
0.46661737612871146,Cherrim,Grass,,450,70,60,70,87,78,85
0.4657892975721226,Clauncher,Water,,330,50,53,62,58,63,44
0.46472737774604334,Goldeen,Water,,320,45,67,60,35,50,63
0.46460940734418454,Pyroar,Fire,Normal,507,86,68,72,109,66,106
0.46096710453191725,Medicham,Fighting,Psychic,410,60,60,75,60,75,80
0.45920004448598084,Doublade,Steel,Ghost,448,59,110,150,45,49,35
0.45852755987919125,Duskull,Ghost,,295,20,40,90,30,90,25
0.45828237706093544,Crobat,Poison,Flying,535,85,90,80,70,80,130
0.4567979454439911,Feraligatr,Water,,530,85,105,100,79,83,78
0.4543617519849571,SceptileMega Sceptile,Grass,Dragon,630,70,110,75,145,85,145
0.44990194907722714,Bayleef,Grass,,405,60,62,80,63,80,60
0.449425881519391,Dragonite,Dragon,Flying,600,91,134,95,100,100,80
0.44591300269194034,Chikorita,Grass,,318,45,49,65,49,65,45
0.44543213766986,Spritzee,Fairy,,341,78,52,60,63,65,23
0.4438947498218152,Amoonguss,Grass,Poison,464,114,85,70,85,80,30
0.4425642852384307,PumpkabooSuper Size,Ghost,Grass,335,59,66,70,44,55,41
0.4391438680309768,Honedge,Steel,Ghost,325,45,80,100,35,37,28
0.4388515568233148,DeoxysDefense Forme,Psychic,,600,50,70,160,70,160,90
0.43762177102942124,Quilladin,Grass,,405,61,78,95,56,58,57
0.4361791682509314,Boldore,Rock,,390,70,105,105,50,40,20
0.43612611610041485,ManectricMega Manectric,Electric,,575,70,75,80,135,80,135
0.43103996801457833,Lanturn,Water,Electric,460,125,58,58,76,76,67
0.4267473995692205,Gothitelle,Psychic,,490,70,55,95,95,110,65
0.4260222244984755,RotomHeat Rotom,Electric,Fire,520,50,65,107,105,107,86
0.4245039688233715,Raikou,Electric,,580,90,85,75,115,100,115
0.4232924639445109,Gurdurr,Fighting,,405,85,105,85,40,50,40
0.4222456747289026,Genesect,Bug,Steel,600,71,120,95,120,95,99
0.41978920738621295,Hitmontop,Fighting,,455,50,95,95,35,110,70
0.4190498900121239,Latios,Dragon,Psychic,600,80,90,80,130,110,110
0.41512999374177906,Sawsbuck,Normal,Grass,475,80,100,70,60,70,95
0.4149060524450976,Magneton,Electric,Steel,465,50,60,95,120,70,70
0.4131189030140716,Goodra,Dragon,,600,90,100,70,110,150,80
0.41236364863035757,AmpharosMega Ampharos,Electric,Dragon,610,90,95,105,165,110,45
0.4117731918616221,Scraggy,Dark,Fighting,348,50,75,70,35,70,48
0.40877702703778485,Nidoqueen,Poison,Ground,505,90,92,87,75,85,76
0.4078807632774002,KangaskhanMega Kangaskhan,Normal,,590,105,125,100,60,100,100
0.40748109414367906,Sandshrew,Ground,,300,50,75,85,20,30,40
0.4068425561275635,Azumarill,Water,Fairy,420,100,50,80,60,80,50
0.40430864454889215,Sylveon,Fairy,,525,95,65,65,110,130,60
0.4028659362273226,Dusclops,Ghost,,455,40,70,130,60,130,25
0.4013670592544808,Whimsicott,Grass,Fairy,480,60,67,85,77,75,116
0.40090520208045355,Weezing,Poison,,490,65,90,120,85,70,60
0.4003768625176021,Donphan,Ground,,500,90,120,120,60,60,50
0.39829710261068474,Poliwrath,Water,Fighting,510,90,95,95,70,90,70
0.3973861470684239,Rhyhorn,Ground,Rock,345,80,85,95,30,30,25
0.3960661655028809,Dragalge,Poison,Dragon,494,65,75,90,97,123,44
0.39417877823409264,Slowpoke,Water,Psychic,315,90,65,65,40,40,15
0.3887119587007777,Electrode,Electric,,480,60,50,70,80,80,140
0.38391949530140757,Aron,Steel,Rock,330,50,70,100,40,40,30
0.38267317375365484,Grotle,Grass,,405,75,89,85,55,65,36
0.3778597906367307,Venomoth,Bug,Poison,450,70,65,60,90,75,90
0.3740362088842569,Durant,Bug,Steel,484,58,109,112,48,48,109
0.3709651515792688,Manaphy,Water,,600,100,100,100,100,100,100
0.3706564954639274,Rhydon,Ground,Rock,485,105,130,120,45,45,40
0.37041320004715483,Throh,Fighting,,465,120,100,85,30,85,45
0.3685214773555532,Vigoroth,Normal,,440,80,80,80,55,55,90
0.3656757959947241,Mew,Psychic,,600,100,100,100,100,100,100
0.3635398852766395,Slurpuff,Fairy,,480,82,80,86,85,75,72
0.3626992286403474,Chesnaught,Grass,Fighting,530,88,107,122,74,75,64
0.36143979089819633,Gabite,Dragon,Ground,410,68,90,65,50,55,82
0.3606487404192006,Vaporeon,Water,,525,130,65,60,110,95,65
0.360058957740076,Ursaring,Normal,,500,90,130,75,75,75,55
0.35526529619724545,Torkoal,Fire,,470,70,85,140,85,70,20
0.35351119649793983,Hypno,Psychic,,483,85,73,70,73,115,67
0.3532007230460016,Tangela,Grass,,435,65,55,115,100,40,60
0.34957480161294274,Simisear,Fire,,498,75,98,63,98,63,101
0.34661767680769084,Chimecho,Psychic,,425,65,50,70,95,80,65
0.34628463198668136,Jirachi,Steel,Psychic,600,100,100,100,100,100,100
0.34589673403398846,Leafeon,Grass,,525,65,110,130,60,65,95
0.3352988888125299,Rapidash,Fire,,500,65,100,70,80,80,105
0.3343997068035992,Exploud,Normal,,490,104,91,63,91,73,68
0.33342017992131145,Metang,Steel,Psychic,420,60,75,100,55,80,50
0.3307102296789399,WormadamPlant Cloak,Bug,Grass,424,60,59,85,79,105,36
0.32870179952278866,Lunatone,Rock,Psychic,440,70,55,65,95,85,70
0.32794917408896174,Corphish,Water,,308,43,80,65,50,35,35
0.32495230574253686,GourgeistLarge Size,Ghost,Grass,494,75,95,122,58,75,69
0.32379709990006533,Blaziken,Fire,Fighting,530,80,120,70,110,70,80
0.3231822117258608,Piloswine,Ice,Ground,450,100,100,80,60,60,50
0.3224126672524842,Kingler,Water,,475,55,130,115,50,50,75
0.32225294709434793,KyuremWhite Kyurem,Dragon,Ice,700,125,120,90,170,100,95
0.3221367336815111,Mienshao,Fighting,,510,65,125,60,95,60,105
0.3219119593897769,Furret,Normal,,415,85,76,64,45,55,90
0.31524713936873416,ThundurusIncarnate Forme,Electric,Flying,580,79,115,70,125,80,111
0.31479210670522295,Breloom,Grass,Fighting,460,60,130,80,60,60,70
0.3146862867469169,Torterra,Grass,Ground,525,95,109,105,75,85,56
0.312491420672929,Squirtle,Water,,314,44,48,65,50,64,43
0.30984828282843346,Uxie,Psychic,,580,75,75,130,75,130,95
0.30453808219173284,Mightyena,Dark,,420,70,90,70,60,60,70
0.3041271768078635,Lickilicky,Normal,,515,110,85,95,80,95,50
0.3028713030349762,Croconaw,Water,,405,65,80,80,59,63,58
0.3004289377516489,Clawitzer,Water,,500,71,73,88,120,89,59
0.30025350036084053,Grumpig,Psychic,,470,80,45,65,90,110,80
0.2985148298286834,Seaking,Water,,450,80,92,65,65,80,68
0.298504375210623,Audino,Normal,,445,103,60,86,60,86,50
0.2981101771929968,Togepi,Fairy,,245,35,20,65,40,65,20
0.2876084737648542,Slowbro,Water,Psychic,490,95,75,110,100,80,30
0.2863152298767446,Beldum,Steel,Psychic,300,40,55,80,35,60,30
0.285347992277713,Leavanny,Bug,Grass,500,75,103,80,70,80,92
0.2811962438510637,AerodactylMega Aerodactyl,Rock,Flying,615,80,135,85,70,95,150
0.2810709831696573,VenusaurMega Venusaur,Grass,Poison,625,80,100,123,122,120,80
0.28099379294247484,Ferroseed,Grass,Steel,305,44,50,91,24,86,10
0.27919194482388987,SableyeMega Sableye,Dark,Ghost,480,50,85,125,85,115,20
0.27446758123294646,Exeggutor,Grass,Psychic,520,95,95,85,125,65,55
0.2738587849115244,Magcargo,Fire,Rock,410,50,50,120,80,80,30
0.2727085020903913,Pelipper,Water,Flying,430,60,50,100,85,70,65
0.2714085238208809,Spiritomb,Ghost,Dark,485,50,92,108,92,108,35
0.2686005829090282,Blastoise,Water,,530,79,83,100,85,105,78
0.26621192628305057,SalamenceMega Salamence,Dragon,Flying,700,95,145,130,120,90,120
0.2633297986478478,Beheeyem,Psychic,,485,75,75,75,125,95,40
0.2609974188759452,Toxicroak,Poison,Fighting,490,83,106,65,86,65,85
0.25914235283846476,Klang,Steel,,440,60,80,95,70,85,50
0.2589278041740012,BanetteMega Banette,Ghost,,555,64,165,75,93,83,75
0.25718312100373597,MewtwoMega Mewtwo X,Psychic,Fighting,780,106,190,100,154,100,130
0.2562145997737003,Bellossom,Grass,,490,75,80,95,90,100,50
0.2539245459518443,Marowak,Ground,,425,60,80,110,50,80,45
0.2525201884188848,Scizor,Bug,Steel,500,70,130,100,55,80,65
0.2517990634878575,Swanna,Water,Flying,473,75,87,63,87,63,98
0.25057771930525097,Staraptor,Normal,Flying,485,85,120,70,50,60,100
0.24999702178587513,Quagsire,Water,Ground,430,95,85,85,65,65,35
0.24546139500500286,Samurott,Water,,528,95,100,85,108,70,70
0.24515843139284021,Flareon,Fire,,525,65,130,60,95,110,65
0.24494645544213267,Weavile,Dark,Ice,510,70,120,65,45,85,125
0.24425261900647643,Nosepass,Rock,,375,30,45,135,45,90,30
0.24213324983390394,Serperior,Grass,,528,75,75,95,75,95,113
0.24174992149083374,Beartic,Ice,,485,95,110,80,70,80,50
0.23941454905254478,Mawile,Steel,Fairy,380,50,85,85,55,55,50
0.23899288189806778,LatiosMega Latios,Dragon,Psychic,700,80,130,100,160,120,110
0.23859122668857669,BlazikenMega Blaziken,Fire,Fighting,630,80,160,80,130,80,100
0.2358168562532016,Avalugg,Ice,,514,95,117,184,44,46,28
0.23013960614029783,Cottonee,Grass,Fairy,280,40,27,60,37,50,66
0.22858959701680903,Corsola,Water,Rock,380,55,55,85,65,85,35
0.22789907793353326,Gligar,Ground,Flying,430,65,75,105,35,65,85
0.22676680618134037,AltariaMega Altaria,Dragon,Fairy,590,75,110,110,110,105,80
0.22516496482056547,Emboar,Fire,Fighting,528,110,123,65,100,65,65
0.223582478283734,Wobbuffet,Psychic,,405,190,33,58,33,58,33
0.2233686575473841,HeracrossMega Heracross,Bug,Fighting,600,80,185,115,40,105,75
0.22124524872395768,Octillery,Water,,480,75,105,75,105,75,45
0.2196925990451073,Spinda,Normal,,360,60,60,60,60,60,60
0.2181646382378376,Groudon,Ground,,670,100,150,140,100,90,90
0.2172169963015983,MeowsticFemale,Psychic,,466,74,48,76,83,81,104
0.21713756250183824,Lucario,Fighting,Steel,525,70,110,70,115,70,90
0.2157572727820689,Finneon,Water,,330,49,49,56,49,61,66
0.21303654565169527,Hawlucha,Fighting,Flying,500,78,92,75,74,63,118
0.21264076022705625,PinsirMega Pinsir,Bug,Flying,600,65,155,120,65,90,105
0.21073649870198463,Roserade,Grass,Poison,515,60,70,65,125,105,90
0.20960607624897998,Pawniard,Dark,Steel,340,45,85,70,40,40,60
0.20761094530943314,Miltank,Normal,,490,95,80,105,40,70,100
0.20718945956999502,Shroomish,Grass,,295,60,40,60,40,60,35
0.206130316169726,Gloom,Grass,Poison,395,60,65,70,85,75,40
0.20540157656573355,DeoxysSpeed Forme,Psychic,,600,50,95,90,95,90,180
0.2045214048274988,Sceptile,Grass,,530,70,85,65,105,85,120
0.20405525845764205,Meganium,Grass,,525,80,82,100,83,100,80
0.20258982933796055,Braixen,Fire,,409,59,59,58,90,70,73
0.20037890018302573,Dustox,Bug,Poison,385,60,50,70,50,90,65
0.19647887968490763,Solrock,Rock,Psychic,440,70,95,85,55,65,70
0.19549358170556674,GardevoirMega Gardevoir,Psychic,Fairy,618,68,85,65,165,135,100
0.19405053449464815,Gliscor,Ground,Flying,510,75,95,125,45,75,95
0.19324851944601606,Heatmor,Fire,,484,85,97,66,105,66,65
0.19202626046998006,Moltres,Fire,Flying,580,90,100,90,125,85,90
0.19084527931617912,Porygon-Z,Normal,,535,85,80,70,135,75,90
0.1885869977858633,Darkrai,Dark,,600,70,90,90,135,90,125
0.18637218678365575,Skrelp,Poison,Water,320,50,60,60,60,60,30
0.18620331095451537,HoopaHoopa Unbound,Psychic,Dark,680,80,160,60,170,130,80
0.17858841418659088,Rayquaza,Dragon,Flying,680,105,150,90,150,90,95
0.17781051294785233,RotomFan Rotom,Electric,Flying,520,50,65,107,105,107,86
0.17753210542861186,Xatu,Psychic,Flying,470,65,75,70,95,70,95
0.17575047373241803,Vespiquen,Bug,Flying,474,70,80,102,80,102,40
0.1738631058995641,Vullaby,Dark,Flying,370,70,55,75,45,65,60
0.17063593347943073,Totodile,Water,,314,50,65,64,44,48,43
0.16992668010486767,Cofagrigus,Ghost,,483,58,50,145,95,105,30
0.1653755782909968,Glaceon,Ice,,525,65,60,110,130,95,65
0.1643783380671281,BlastoiseMega Blastoise,Water,,630,79,103,120,135,115,78
0.16318145486845648,Starmie,Water,Psychic,520,60,75,85,100,85,115
0.1607260156977356,Lilligant,Grass,,480,70,60,75,110,75,90
0.15975418203364355,Lugia,Psychic,Flying,680,106,90,130,90,154,110
0.15948789361279392,Shellder,Water,,305,30,65,100,45,25,40
0.15847054839281216,Herdier,Normal,,370,65,80,65,35,65,60
0.1570647705583459,Hitmonchan,Fighting,,455,50,105,79,35,110,76
0.1568618063983619,Yamask,Ghost,,303,38,30,85,55,65,30
0.15585086330461118,Pachirisu,Electric,,405,60,45,70,45,90,95
0.15438628080543715,Luxray,Electric,,523,80,120,79,95,79,70
0.15409661412897102,RotomMow Rotom,Electric,Grass,520,50,65,107,105,107,86
0.15331742949392357,Scyther,Bug,Flying,500,70,110,80,55,80,105
0.14935907720828467,Tropius,Grass,Flying,460,99,68,83,72,87,51
0.14762379970376727,Bronzong,Steel,Psychic,500,67,89,116,79,116,33
0.14576665409952194,Typhlosion,Fire,,534,78,84,78,109,85,100
0.14491840752263374,Muk,Poison,,500,105,105,75,65,100,50
0.14390205102968257,Carnivine,Grass,,454,74,100,72,90,72,46
0.14249662797705342,Ho-oh,Fire,Flying,680,106,130,90,110,154,90
0.14039219544327175,PumpkabooLarge Size,Ghost,Grass,335,54,66,70,44,55,46
0.13745475406218854,Shelmet,Bug,,305,50,40,85,40,65,25
0.13741379233194595,Koffing,Poison,,340,40,65,95,60,45,35
0.13404685505968073,Eelektross,Electric,,515,85,115,80,105,80,50
0.13392621059988197,Seviper,Poison,,458,73,100,60,100,60,65
0.13336535622695045,Tangrowth,Grass,,535,100,100,125,110,50,50
0.1332047184016577,Cubone,Ground,,320,50,50,95,40,50,35
0.13123025757767948,Porygon2,Normal,,515,85,80,90,105,95,60
0.12900292759534304,Druddigon,Dragon,,485,77,120,90,60,90,48
0.12649238308312893,Girafarig,Normal,Psychic,455,70,80,65,90,65,85
0.12619657382364202,Golem,Rock,Ground,495,80,120,130,55,65,45
0.12493968754366724,LopunnyMega Lopunny,Normal,Fighting,580,65,136,94,54,96,135
0.12430202567365267,Pancham,Fighting,,348,67,82,62,46,48,43
0.123800019606916,Golduck,Water,,500,80,82,78,95,80,85
0.11715320870437496,Nincada,Bug,Ground,266,31,45,90,30,30,40
0.11642550548042851,AbomasnowMega Abomasnow,Grass,Ice,594,90,132,105,132,105,30
0.11606517003644234,Huntail,Water,,485,55,104,105,94,75,52
0.1112239216923282,Chespin,Grass,,313,56,61,65,48,45,38
0.10732693969998475,Heatran,Fire,Steel,600,91,90,106,130,106,77
0.10690141176503576,Froslass,Ice,Ghost,480,70,80,70,80,70,110
0.1051088982715006,Lumineon,Water,,460,69,69,76,69,86,91
0.10384056139153186,DarmanitanZen Mode,Fire,Psychic,540,105,30,105,140,105,55
0.10014798987645601,Registeel,Steel,,580,80,75,150,75,150,50
0.09930411674375217,Tauros,Normal,,490,75,100,95,40,70,110
0.09433692742564703,Mismagius,Ghost,,495,60,60,60,105,105,105
0.09232473215858417,Litleo,Fire,Normal,369,62,50,58,73,54,72
0.0898348108964735,Purugly,Normal,,452,71,82,64,64,59,112
0.08953038424648352,GourgeistSuper Size,Ghost,Grass,494,85,100,122,58,75,54
0.08927814921897148,Ninetales,Fire,,505,73,76,75,81,100,100
0.08366824319529431,Ludicolo,Water,Grass,480,80,70,70,90,100,70
0.0811761620852659,MeloettaPirouette Forme,Normal,Fighting,600,100,128,90,77,77,128
0.08112258337322031,Quilava,Fire,,405,58,64,58,80,65,80
0.07797607692798292,Onix,Rock,Ground,385,35,45,160,30,45,70
0.07194941011608147,Camerupt,Fire,Ground,460,70,100,70,105,75,40
0.0715152485248024,Aggron,Steel,Rock,530,70,110,180,60,60,50
0.06831018652125231,Klinklang,Steel,,520,60,100,115,70,85,90
0.06702221468051905,Ferrothorn,Grass,Steel,489,74,94,131,54,116,20
0.06245279152323946,Excadrill,Ground,Steel,508,110,135,60,50,65,88
0.0623626345640087,Graveler,Rock,Ground,390,55,95,115,45,45,35
0.06158834117115286,Rampardos,Rock,,495,97,165,60,65,50,58
0.059641511737990816,Unfezant,Normal,Flying,488,80,115,80,65,55,93
0.05645817305667056,Stoutland,Normal,,500,85,110,90,45,90,80
0.050371448698882326,Gothorita,Psychic,,390,60,45,70,75,85,55
0.04695610723383603,Electabuzz,Electric,,490,65,83,57,95,85,105
0.04348129997226291,Pinsir,Bug,,500,65,125,100,55,70,85
0.04276030702204281,Cinccino,Normal,,470,75,95,60,65,60,115
0.04061980037722057,Snorlax,Normal,,540,160,110,65,65,110,30
0.03965912762918111,Nidorina,Poison,,365,70,62,67,55,55,56
0.03826593775023279,Mandibuzz,Dark,Flying,510,110,65,105,55,95,80
0.03739309924365142,Mr. Mime,Psychic,Fairy,460,40,45,65,100,120,90
0.03707364009940273,Crawdaunt,Water,Dark,468,63,120,85,90,55,55
0.03657672758467234,Lopunny,Normal,,480,65,76,84,54,96,105
0.03446643853058584,Scrafty,Dark,Fighting,488,65,90,115,45,115,58
0.03181938842639698,Cresselia,Psychic,,600,120,70,120,75,130,85
0.028603105811567886,Roggenrola,Rock,,280,55,75,85,25,25,15
0.022063813006062527,Politoed,Water,,500,90,75,75,90,100,70
0.019967272865708763,Golbat,Poison,Flying,455,75,80,70,65,75,90
0.016692714569539246,SlowbroMega Slowbro,Water,Psychic,590,95,75,180,130,80,30
0.01566954840301915,KyogrePrimal Kyogre,Water,,770,100,150,90,180,160,90
0.01564945110422522,Klink,Steel,,300,40,55,70,45,60,30
0.01529688044671973,GourgeistAverage Size,Ghost,Grass,494,65,90,122,58,75,84
0.012868326357726612,Shelgon,Dragon,,420,65,95,100,60,50,50
0.012449730713781526,Hariyama,Fighting,,474,144,120,60,40,60,50
0.0061108817353848766,Simisage,Grass,,498,75,98,63,98,63,101
0.004134761998771386,Gardevoir,Psychic,Fairy,518,68,65,65,125,115,80
0.0019566336887733016,Servine,Grass,,413,60,60,75,60,75,83
0.0018414300393695404,Linoone,Normal,,420,78,70,61,50,61,100
2.4103940703457116E-4,Articuno,Ice,Flying,580,90,85,100,95,125,85
2.0111093516572698E-4,Magnezone,Electric,Steel,535,70,70,115,130,90,60
