0.5506521675221413,Ivysaur,Grass,Poison,405,60,62,63,80,80,60
0.8484225548537019,Venusaur,Grass,Poison,525,80,82,83,100,100,80
0.030349081875213457,VenusaurMega Venusaur,Grass,Poison,625,80,100,123,122,120,80
0.6791300722676582,Charmeleon,Fire,,405,58,64,58,80,65,80
0.07601936123225583,Charizard,Fire,Flying,534,78,84,78,109,85,100
0.708093877864011,CharizardMega Charizard X,Fire,Dragon,634,78,130,111,130,85,100
0.7548453715877971,CharizardMega Charizard Y,Fire,Flying,634,78,104,78,159,115,100
0.7501003822506574,Squirtle,Water,,314,44,48,65,50,64,43
0.31390389692672593,Wartortle,Water,,405,59,63,80,65,80,58
0.16905854426717004,Blastoise,Water,,530,79,83,100,85,105,78
0.8266860156554472,BlastoiseMega Blastoise,Water,,630,79,103,120,135,115,78
0.4770277388743469,Pidgeot,Normal,Flying,479,83,80,75,70,70,101
0.022449678132056228,PidgeotMega Pidgeot,Normal,Flying,579,83,80,80,135,80,121
0.6501167245641316,Raticate,Normal,,413,55,81,60,50,70,97
0.7954795954917255,Fearow,Normal,Flying,442,65,90,65,61,61,100
0.3669793429440864,Arbok,Poison,,438,60,85,69,65,79,80
0.1538004703902245,Sandshrew,Ground,,300,50,75,85,20,30,40
0.8588371224815837,Sandslash,Ground,,450,75,100,110,45,55,65
0.10525038073896531,Nidorina,Poison,,365,70,62,67,55,55,56
0.7929789088265142,Nidoqueen,Poison,Ground,505,90,92,87,75,85,76
0.4792064600229369,Nidorino,Poison,,365,61,72,57,55,55,65
0.1384714889862514,Nidoking,Poison,Ground,505,81,102,77,85,75,85
0.5589220808950479,Clefable,Fairy,,483,95,70,73,95,90,60
0.2804300571476521,Ninetales,Fire,,505,73,76,75,81,100,100
0.8447664364320342,Golbat,Poison,Flying,455,75,80,70,65,75,90
0.4578409950519433,Gloom,Grass,Poison,395,60,65,70,85,75,40
0.3031613256583706,Vileplume,Grass,Poison,490,75,80,85,110,90,50
0.5529209554460719,Parasect,Bug,Grass,405,60,95,80,60,80,30
0.17831876882494657,Venomoth,Bug,Poison,450,70,65,60,90,75,90
0.2137809088576481,Persian,Normal,,440,65,70,60,65,65,115
0.28075556989032546,Golduck,Water,,500,80,82,78,95,80,85
0.5563128668642557,Primeape,Fighting,,455,65,105,60,60,70,95
0.6228786550757193,Arcanine,Fire,,555,90,110,80,100,80,95
0.2784247266409908,Poliwhirl,Water,,385,65,65,65,50,50,90
0.18070658375256654,Poliwrath,Water,Fighting,510,90,95,95,70,90,70
0.8958354010111446,AlakazamMega Alakazam,Psychic,,590,55,50,65,175,95,150
0.33315047356420724,Machoke,Fighting,,405,80,100,70,50,60,45
0.14255513036146306,Machamp,Fighting,,505,90,130,80,65,85,55
0.4054798247331022,Victreebel,Grass,Poison,490,80,105,65,100,70,70
0.9929819395367776,Tentacruel,Water,Poison,515,80,70,65,80,120,100
0.5390281754233063,Geodude,Rock,Ground,300,40,80,100,30,30,20
0.5814431643517559,Graveler,Rock,Ground,390,55,95,115,45,45,35
0.4703569381522693,Golem,Rock,Ground,495,80,120,130,55,65,45
0.7973183373016318,Rapidash,Fire,,500,65,100,70,80,80,105
0.4536286121845199,Slowpoke,Water,Psychic,315,90,65,65,40,40,15
0.0010436950317846971,Slowbro,Water,Psychic,490,95,75,110,100,80,30
0.5515966000865717,SlowbroMega Slowbro,Water,Psychic,590,95,75,180,130,80,30
0.07288918600198147,Magnemite,Electric,Steel,325,25,35,70,95,55,45
0.4832856315895935,Magneton,Electric,Steel,465,50,60,95,120,70,70
0.5101094910349734,Dodrio,Normal,Flying,460,60,110,70,60,60,100
0.6081171713083138,Dewgong,Water,Ice,475,90,70,80,70,95,70
0.11972551168214318,Muk,Poison,,500,105,105,75,65,100,50
0.9830661856909199,Shellder,Water,,305,30,65,100,45,25,40
0.8077322484705346,Cloyster,Water,Ice,525,50,95,180,85,45,70
0.6156717273992801,Gengar,Ghost,Poison,500,60,65,60,130,75,110
0.28802842803270134,GengarMega Gengar,Ghost,Poison,600,60,65,80,170,95,130
0.4937515388368311,Onix,Rock,Ground,385,35,45,160,30,45,70
0.17601368179242294,Hypno,Psychic,,483,85,73,70,73,115,67
0.9729945763606226,Krabby,Water,,325,30,105,90,25,25,50
0.7959235681304156,Kingler,Water,,475,55,130,115,50,50,75
0.9948603063921803,Electrode,Electric,,480,60,50,70,80,80,140
0.22401565494068232,Exeggcute,Grass,Psychic,325,60,40,80,60,45,40
0.06615549488450512,Exeggutor,Grass,Psychic,520,95,95,85,125,65,55
0.17125129183790566,Cubone,Ground,,320,50,50,95,40,50,35
0.21317265195799218,Marowak,Ground,,425,60,80,110,50,80,45
0.5418330048898784,Hitmonchan,Fighting,,455,50,105,79,35,110,76
0.3103664689988668,Lickitung,Normal,,385,90,55,75,60,75,30
0.10367822108887637,Koffing,Poison,,340,40,65,95,60,45,35
0.43734714727519763,Weezing,Poison,,490,65,90,120,85,70,60
0.09257868407496594,Rhyhorn,Ground,Rock,345,80,85,95,30,30,25
0.7277426146033763,Rhydon,Ground,Rock,485,105,130,120,45,45,40
0.6154857115690754,Tangela,Grass,,435,65,55,115,100,40,60
0.6066058497053766,Kangaskhan,Normal,,490,105,95,80,40,80,90
0.995265630873361,KangaskhanMega Kangaskhan,Normal,,590,105,125,100,60,100,100
0.26502791867372155,Horsea,Water,,295,30,40,70,70,25,60
0.23771114212010291,Seadra,Water,,440,55,65,95,95,45,85
0.665094770740452,Goldeen,Water,,320,45,67,60,35,50,63
0.3330153502576162,Seaking,Water,,450,80,92,65,65,80,68
0.6070529377686357,Starmie,Water,Psychic,520,60,75,85,100,85,115
0.3128887650716463,Mr. Mime,Psychic,Fairy,460,40,45,65,100,120,90
0.30341037203664245,Scyther,Bug,Flying,500,70,110,80,55,80,105
0.7587185664192896,Electabuzz,Electric,,490,65,83,57,95,85,105
0.19970078763245513,Magmar,Fire,,495,65,95,57,100,85,93
0.636456329793262,Pinsir,Bug,,500,65,125,100,55,70,85
0.2449154103913418,PinsirMega Pinsir,Bug,Flying,600,65,155,120,65,90,105
0.964218331688582,Tauros,Normal,,490,75,100,95,40,70,110
0.5604142023205227,Gyarados,Water,Flying,540,95,125,79,60,100,81
0.39596468867705126,GyaradosMega Gyarados,Water,Dark,640,95,155,109,70,130,81
0.1768501645476489,Lapras,Water,Ice,535,130,85,80,85,95,60
0.5292814460988009,Vaporeon,Water,,525,130,65,60,110,95,65
0.7247855127045922,Jolteon,Electric,,525,65,65,60,110,95,130
0.7705476310235725,Flareon,Fire,,525,65,130,60,95,110,65
0.27487802333626843,Porygon,Normal,,395,65,60,70,85,75,40
0.2730696614464654,Omanyte,Rock,Water,355,35,40,100,90,55,35
0.8545281452550381,Omastar,Rock,Water,495,70,60,125,115,70,55
0.612679472899148,Kabuto,Rock,Water,355,30,80,90,55,45,55
0.024587134512465414,Kabutops,Rock,Water,495,60,115,105,65,70,80
0.9935168397932866,Aerodactyl,Rock,Flying,515,80,105,65,60,75,130
0.6151368747735836,AerodactylMega Aerodactyl,Rock,Flying,615,80,135,85,70,95,150
0.3500683556552252,Snorlax,Normal,,540,160,110,65,65,110,30
0.7046026643445285,Articuno,Ice,Flying,580,90,85,100,95,125,85
0.39896393129514685,Zapdos,Electric,Flying,580,90,90,85,125,90,100
0.9208011967008415,Moltres,Fire,Flying,580,90,100,90,125,85,90
0.6176033999206277,Dragonair,Dragon,,420,61,84,65,70,70,70
0.46334697604238084,Dragonite,Dragon,Flying,600,91,134,95,100,100,80
0.11159913793264364,Mewtwo,Psychic,,680,106,110,90,154,90,130
0.03964478107828873,MewtwoMega Mewtwo X,Psychic,Fighting,780,106,190,100,154,100,130
0.1575943470360015,MewtwoMega Mewtwo Y,Psychic,,780,106,150,70,194,120,140
0.39511796870146454,Mew,Psychic,,600,100,100,100,100,100,100
0.8536952676055358,Chikorita,Grass,,318,45,49,65,49,65,45
0.854120782751237,Bayleef,Grass,,405,60,62,80,63,80,60
0.21111245534661205,Meganium,Grass,,525,80,82,100,83,100,80
0.40103848054297797,Quilava,Fire,,405,58,64,58,80,65,80
0.31533253073225265,Typhlosion,Fire,,534,78,84,78,109,85,100
0.2794016554574926,Totodile,Water,,314,50,65,64,44,48,43
0.9640618005513125,Croconaw,Water,,405,65,80,80,59,63,58
0.9065626021999387,Feraligatr,Water,,530,85,105,100,79,83,78
0.7462392977856853,Furret,Normal,,415,85,76,64,45,55,90
0.45685893833523894,Ariados,Bug,Poison,390,70,90,70,60,60,40
0.6086803848929684,Crobat,Poison,Flying,535,85,90,80,70,80,130
0.6996076100014964,Lanturn,Water,Electric,460,125,58,58,76,76,67
0.014579704015926342,Togepi,Fairy,,245,35,20,65,40,65,20
0.3602373350213932,Togetic,Fairy,Flying,405,55,40,85,80,105,40
0.2344910662060279,Xatu,Psychic,Flying,470,65,75,70,95,70,95
0.25201247920363956,Ampharos,Electric,,510,90,75,85,115,90,55
0.731961388942446,AmpharosMega Ampharos,Electric,Dragon,610,90,95,105,165,110,45
0.878884026166171,Bellossom,Grass,,490,75,80,95,90,100,50
0.07229203791390748,Azumarill,Water,Fairy,420,100,50,80,60,80,50
0.8919079719898676,Sudowoodo,Rock,,410,70,100,115,30,65,30
0.05663253521064482,Politoed,Water,,500,90,75,75,90,100,70
0.2754031056161822,Jumpluff,Grass,Flying,460,75,55,70,55,95,110
0.580597570759627,Quagsire,Water,Ground,430,95,85,85,65,65,35
0.10571452526290215,Espeon,Psychic,,525,65,65,60,130,95,110
0.9557825336300938,Umbreon,Dark,,525,95,65,110,60,130,65
0.1543620916884415,Slowking,Water,Psychic,490,95,75,80,100,110,30
0.4860096417765205,Misdreavus,Ghost,,435,60,60,60,85,85,85
0.0658684002209372,Wobbuffet,Psychic,,405,190,33,58,33,58,33
0.033055808603287606,Girafarig,Normal,Psychic,455,70,80,65,90,65,85
0.7241856032023043,Pineco,Bug,,290,50,65,90,35,35,15
0.16732125196523173,Forretress,Bug,Steel,465,75,90,140,60,60,40
0.20400849464590587,Dunsparce,Normal,,415,100,70,70,65,65,45
0.5088337844294936,Gligar,Ground,Flying,430,65,75,105,35,65,85
0.18612901513939484,Steelix,Steel,Ground,510,75,85,200,55,65,30
0.7077232524838517,SteelixMega Steelix,Steel,Ground,610,75,125,230,55,95,30
0.2792392571915189,Granbull,Fairy,,450,90,120,75,60,60,45
0.5785353005004101,Qwilfish,Water,Poison,430,65,95,75,55,55,85
0.54223251898632,Scizor,Bug,Steel,500,70,130,100,55,80,65
0.5303057223744393,ScizorMega Scizor,Bug,Steel,600,70,150,140,65,100,75
0.9272181333559922,Shuckle,Bug,Rock,505,20,10,230,10,230,5
0.16813084318123173,Heracross,Bug,Fighting,500,80,125,75,40,95,85
0.9784146404695929,HeracrossMega Heracross,Bug,Fighting,600,80,185,115,40,105,75
0.7791164220571337,Ursaring,Normal,,500,90,130,75,75,75,55
0.11819858743288747,Magcargo,Fire,Rock,410,50,50,120,80,80,30
0.056261678064365106,Piloswine,Ice,Ground,450,100,100,80,60,60,50
0.2493706342612817,Corsola,Water,Rock,380,55,55,85,65,85,35
0.5113582795870362,Octillery,Water,,480,75,105,75,105,75,45
0.30079256469861815,Mantine,Water,Flying,465,65,40,70,80,140,70
0.4387999524854411,Skarmory,Steel,Flying,465,65,80,140,40,70,70
0.16870042221803971,HoundoomMega Houndoom,Dark,Fire,600,75,90,90,140,90,115
0.3258785143432952,Kingdra,Water,Dragon,540,75,95,95,95,95,85
0.2630993132192625,Phanpy,Ground,,330,90,60,60,40,40,40
0.2743811824872059,Donphan,Ground,,500,90,120,120,60,60,50
0.3906979514321959,Porygon2,Normal,,515,85,80,90,105,95,60
0.26892236038711814,Stantler,Normal,,465,73,95,62,85,65,85
0.9039797467622288,Hitmontop,Fighting,,455,50,95,95,35,110,70
0.1683862110040122,Miltank,Normal,,490,95,80,105,40,70,100
0.15949124109447832,Raikou,Electric,,580,90,85,75,115,100,115
0.7301947619124337,Entei,Fire,,580,115,115,85,90,75,100
0.1746390259379832,Suicune,Water,,580,100,75,115,90,115,85
0.1280443838134817,Pupitar,Rock,Ground,410,70,84,70,65,70,51
0.5967310804808282,Tyranitar,Rock,Dark,600,100,134,110,95,100,61
0.5705931160604433,TyranitarMega Tyranitar,Rock,Dark,700,100,164,150,95,120,71
0.42431255850160143,Lugia,Psychic,Flying,680,106,90,130,90,154,110
0.2527757060470719,Ho-oh,Fire,Flying,680,106,130,90,110,154,90
0.4007834434553348,Celebi,Psychic,Grass,600,100,100,100,100,100,100
0.9075455031619456,Sceptile,Grass,,530,70,85,65,105,85,120
0.26373302107954233,SceptileMega Sceptile,Grass,Dragon,630,70,110,75,145,85,145
0.3115844772622608,Combusken,Fire,Fighting,405,60,85,60,85,60,55
0.5383888352331436,Blaziken,Fire,Fighting,530,80,120,70,110,70,80
0.8247079820060268,BlazikenMega Blaziken,Fire,Fighting,630,80,160,80,130,80,100
0.8461895202501372,Marshtomp,Water,Ground,405,70,85,70,60,70,50
0.203262652034651,Swampert,Water,Ground,535,100,110,90,85,90,60
0.6240095989632476,SwampertMega Swampert,Water,Ground,635,100,150,110,95,110,70
0.7698457593472271,Mightyena,Dark,,420,70,90,70,60,60,70
0.15837252493195308,Linoone,Normal,,420,78,70,61,50,61,100
0.49535614758916935,Dustox,Bug,Poison,385,60,50,70,50,90,65
0.20259368297137426,Ludicolo,Water,Grass,480,80,70,70,90,100,70
0.5580430604978335,Shiftry,Grass,Dark,480,90,100,60,90,60,80
0.5118306382944253,Swellow,Normal,Flying,430,60,85,60,50,50,125
0.5942928463590355,Pelipper,Water,Flying,430,60,50,100,85,70,65
0.0782418006487563,Gardevoir,Psychic,Fairy,518,68,65,65,125,115,80
0.7069563000829979,GardevoirMega Gardevoir,Psychic,Fairy,618,68,85,65,165,135,100
0.930748887597484,Masquerain,Bug,Flying,414,70,60,62,80,82,60
0.611766314876592,Shroomish,Grass,,295,60,40,60,40,60,35
0.16427203900691023,Breloom,Grass,Fighting,460,60,130,80,60,60,70
0.2966467650264837,Slakoth,Normal,,280,60,60,60,35,35,30
0.5428902079742055,Vigoroth,Normal,,440,80,80,80,55,55,90
0.6614145194800108,Slaking,Normal,,670,150,160,100,95,65,100
0.06943432203905475,Nincada,Bug,Ground,266,31,45,90,30,30,40
0.6685975880031607,Exploud,Normal,,490,104,91,63,91,73,68
0.39792514652385536,Hariyama,Fighting,,474,144,120,60,40,60,50
0.14502810866778615,Nosepass,Rock,,375,30,45,135,45,90,30
0.7805347144798817,Delcatty,Normal,,380,70,65,65,55,55,70
0.0568418952541172,Sableye,Dark,Ghost,380,50,75,75,65,65,50
0.36100751942646636,SableyeMega Sableye,Dark,Ghost,480,50,85,125,85,115,20
0.5689681813511422,Mawile,Steel,Fairy,380,50,85,85,55,55,50
0.3534872097032229,MawileMega Mawile,Steel,Fairy,480,50,105,125,55,95,50
0.6786978330796317,Aron,Steel,Rock,330,50,70,100,40,40,30
0.8593362194556691,Lairon,Steel,Rock,430,60,90,140,50,50,40
0.5691690634580889,Aggron,Steel,Rock,530,70,110,180,60,60,50
0.48281893368471807,AggronMega Aggron,Steel,,630,70,140,230,60,80,50
0.9034274345501375,Medicham,Fighting,Psychic,410,60,60,75,60,75,80
0.2955768459513912,MedichamMega Medicham,Fighting,Psychic,510,60,100,85,80,85,100
0.11704619083200773,Manectric,Electric,,475,70,75,60,105,60,105
0.18391191645148586,ManectricMega Manectric,Electric,,575,70,75,80,135,80,135
0.8642063163200592,Swalot,Poison,,467,100,73,83,73,83,55
0.8843989447336504,SharpedoMega Sharpedo,Water,Dark,560,70,140,70,110,65,105
0.32882523263626107,Camerupt,Fire,Ground,460,70,100,70,105,75,40
0.5927728641091058,CameruptMega Camerupt,Fire,Ground,560,70,120,100,145,105,20
0.2821112614927228,Torkoal,Fire,,470,70,85,140,85,70,20
0.5170179049880492,Grumpig,Psychic,,470,80,45,65,90,110,80
0.907253806646721,Spinda,Normal,,360,60,60,60,60,60,60
0.06488005434901412,Flygon,Ground,Dragon,520,80,100,80,80,80,100
0.33040342941170164,Cacturne,Grass,Dark,475,70,115,60,115,60,55
0.013513280001539285,Swablu,Normal,Flying,310,45,40,60,40,75,50
0.0073518339095313134,Altaria,Dragon,Flying,490,75,70,90,70,105,80
0.33766403823272695,AltariaMega Altaria,Dragon,Fairy,590,75,110,110,110,105,80
0.0832051343590523,Zangoose,Normal,,458,73,115,60,60,60,90
0.7838280003141872,Seviper,Poison,,458,73,100,60,100,60,65
0.2368027818197903,Lunatone,Rock,Psychic,440,70,55,65,95,85,70
0.5104370209823246,Solrock,Rock,Psychic,440,70,95,85,55,65,70
0.464738314359902,Whiscash,Water,Ground,468,110,78,73,76,71,60
0.4857358101929823,Corphish,Water,,308,43,80,65,50,35,35
0.5767824734826763,Crawdaunt,Water,Dark,468,63,120,85,90,55,55
0.9910932584737111,Claydol,Ground,Psychic,500,60,70,105,70,120,75
0.643613132538552,Lileep,Rock,Grass,355,66,41,77,61,87,23
0.7416972515248599,Cradily,Rock,Grass,495,86,81,97,81,107,43
0.24046850764100602,Armaldo,Rock,Bug,495,75,125,100,70,80,45
0.3606611087522209,Milotic,Water,,540,95,60,79,100,125,81
0.5012258551622304,Castform,Normal,,420,70,70,70,70,70,70
0.3564068982100064,Kecleon,Normal,,440,60,90,70,60,120,40
0.8741673161555408,Banette,Ghost,,455,64,115,65,83,63,65
0.3147945075124158,BanetteMega Banette,Ghost,,555,64,165,75,93,83,75
0.14414471272643448,Duskull,Ghost,,295,20,40,90,30,90,25
0.762967992744382,Dusclops,Ghost,,455,40,70,130,60,130,25
0.04994246199440011,Tropius,Grass,Flying,460,99,68,83,72,87,51
0.4555499176865563,Chimecho,Psychic,,425,65,50,70,95,80,65
0.42743373420338227,Absol,Dark,,465,65,130,60,75,60,75
0.6180127111218112,AbsolMega Absol,Dark,,565,65,150,60,115,60,115
0.6988222709610715,Glalie,Ice,,480,80,80,80,80,80,80
0.7273028353600772,GlalieMega Glalie,Ice,,580,80,120,80,120,80,100
0.1091837798986729,Sealeo,Ice,Water,410,90,60,70,75,70,45
0.5647197093734379,Walrein,Ice,Water,530,110,80,90,95,90,65
0.990110632826845,Clamperl,Water,,345,35,64,85,74,55,32
0.7174148678112723,Huntail,Water,,485,55,104,105,94,75,52
0.566091342664805,Gorebyss,Water,,485,55,84,105,114,75,52
0.1875632690309469,Relicanth,Water,Rock,485,100,90,130,45,65,55
0.17501980537743345,Bagon,Dragon,,300,45,75,60,40,30,50
0.8752711551838794,Shelgon,Dragon,,420,65,95,100,60,50,50
0.9657450724867142,Salamence,Dragon,Flying,600,95,135,80,110,80,100
0.09376063207873497,SalamenceMega Salamence,Dragon,Flying,700,95,145,130,120,90,120
0.08178970884423631,Beldum,Steel,Psychic,300,40,55,80,35,60,30
0.942565355901516,Metang,Steel,Psychic,420,60,75,100,55,80,50
0.4133512650847201,Metagross,Steel,Psychic,600,80,135,130,95,90,70
0.8737680251070945,MetagrossMega Metagross,Steel,Psychic,700,80,145,150,105,110,110
0.2746531075589901,Regirock,Rock,,580,80,100,200,50,100,50
0.533216928328765,Regice,Ice,,580,80,50,100,100,200,50
0.8689487476630129,Registeel,Steel,,580,80,75,150,75,150,50
0.4168074238822621,Latias,Dragon,Psychic,600,80,80,90,110,130,110
0.37045192427766394,LatiasMega Latias,Dragon,Psychic,700,80,100,120,140,150,110
0.8530637624332206,Latios,Dragon,Psychic,600,80,90,80,130,110,110
0.5657350454061305,LatiosMega Latios,Dragon,Psychic,700,80,130,100,160,120,110
0.687289922769842,Kyogre,Water,,670,100,100,90,150,140,90
0.6444045299946839,KyogrePrimal Kyogre,Water,,770,100,150,90,180,160,90
0.007480721079398345,Groudon,Ground,,670,100,150,140,100,90,90
0.25094499514691193,GroudonPrimal Groudon,Ground,Fire,770,100,180,160,150,90,90
0.6041339677988293,Rayquaza,Dragon,Flying,680,105,150,90,150,90,95
0.8504699400255842,RayquazaMega Rayquaza,Dragon,Flying,780,105,180,100,180,100,115
0.20933245867618033,Jirachi,Steel,Psychic,600,100,100,100,100,100,100
0.8177941856164741,DeoxysDefense Forme,Psychic,,600,50,70,160,70,160,90
0.10735932676196358,DeoxysSpeed Forme,Psychic,,600,50,95,90,95,90,180
0.13194960935550515,Turtwig,Grass,,318,55,68,64,45,55,31
0.47017701010557766,Grotle,Grass,,405,75,89,85,55,65,36
0.8003192748693065,Torterra,Grass,Ground,525,95,109,105,75,85,56
0.8449708920446273,Infernape,Fire,Fighting,534,76,104,71,104,71,108
0.004412938587040838,Prinplup,Water,,405,64,66,68,81,76,50
0.0343939675949414,Empoleon,Water,Steel,530,84,86,88,111,101,60
0.7625177192380672,Staraptor,Normal,Flying,485,85,120,70,50,60,100
0.16802912427188088,Bibarel,Normal,Water,410,79,85,60,55,60,71
0.6557281994366119,Luxray,Electric,,523,80,120,79,95,79,70
0.8989192265850872,Roserade,Grass,Poison,515,60,70,65,125,105,90
0.8290100441585233,Rampardos,Rock,,495,97,165,60,65,50,58
0.2829364602858726,Shieldon,Rock,Steel,350,30,42,118,42,88,30
0.22692539704833337,Bastiodon,Rock,Steel,495,60,52,168,47,138,30
0.2505260319955682,WormadamPlant Cloak,Bug,Grass,424,60,59,85,79,105,36
0.47651767585144744,WormadamSandy Cloak,Bug,Ground,424,60,79,105,59,85,36
0.4773521618788198,WormadamTrash Cloak,Bug,Steel,424,60,69,95,69,95,36
0.31281354256921334,Vespiquen,Bug,Flying,474,70,80,102,80,102,40
0.5480998257292161,Pachirisu,Electric,,405,60,45,70,45,90,95
0.23376981565500965,Cherrim,Grass,,450,70,60,70,87,78,85
0.30978082902872506,Gastrodon,Water,Ground,475,111,83,68,92,82,39
0.6527194100643764,Ambipom,Normal,,482,75,100,66,60,66,115
0.27911211028525373,Lopunny,Normal,,480,65,76,84,54,96,105
0.12202354794276105,LopunnyMega Lopunny,Normal,Fighting,580,65,136,94,54,96,135
0.5327623070287568,Mismagius,Ghost,,495,60,60,60,105,105,105
0.8694108387595196,Purugly,Normal,,452,71,82,64,64,59,112
0.12750673840558946,Skuntank,Poison,Dark,479,103,93,67,71,61,84
0.5092008528237202,Bronzor,Steel,Psychic,300,57,24,86,24,86,23
0.30572426236664185,Bronzong,Steel,Psychic,500,67,89,116,79,116,33
0.15821228786746955,Bonsly,Rock,,290,50,80,95,10,45,10
0.40446913523922223,Spiritomb,Ghost,Dark,485,50,92,108,92,108,35
0.5477172327194961,Gabite,Dragon,Ground,410,68,90,65,50,55,82
0.9459403370675729,Garchomp,Dragon,Ground,600,108,130,95,80,85,102
0.028516398700192624,GarchompMega Garchomp,Dragon,Ground,700,108,170,115,120,95,92
0.11405769938869026,Lucario,Fighting,Steel,525,70,110,70,115,70,90
0.5193969477688237,LucarioMega Lucario,Fighting,Steel,625,70,145,88,140,70,112
0.064671030514871,Hippopotas,Ground,,330,68,72,78,38,42,32
0.5563400702767227,Hippowdon,Ground,,525,108,112,118,68,72,47
0.9524335255284708,Skorupi,Poison,Bug,330,40,50,90,30,55,65
0.2204393590200313,Drapion,Poison,Dark,500,70,90,110,60,75,95
0.4404459668912515,Toxicroak,Poison,Fighting,490,83,106,65,86,65,85
0.1192687983505687,Carnivine,Grass,,454,74,100,72,90,72,46
0.8724332352380131,Finneon,Water,,330,49,49,56,49,61,66
0.9852224168562638,Lumineon,Water,,460,69,69,76,69,86,91
0.3925799027232161,Abomasnow,Grass,Ice,494,90,92,75,92,85,60
0.25407906172046724,AbomasnowMega Abomasnow,Grass,Ice,594,90,132,105,132,105,30
0.5844867266092515,Weavile,Dark,Ice,510,70,120,65,45,85,125
0.06979859862117233,Magnezone,Electric,Steel,535,70,70,115,130,90,60
0.7353972405912801,Lickilicky,Normal,,515,110,85,95,80,95,50
0.10252302437353988,Rhyperior,Ground,Rock,535,115,140,130,55,55,40
0.5103901118080351,Tangrowth,Grass,,535,100,100,125,110,50,50
0.8942593937703482,Electivire,Electric,,540,75,123,67,95,85,95
0.6172727002264531,Magmortar,Fire,,540,75,95,67,125,95,83
0.8922055886606423,Togekiss,Fairy,Flying,545,85,50,95,120,115,80
0.2582015762016452,Yanmega,Bug,Flying,515,86,76,86,116,56,95
0.07771496892669139,Leafeon,Grass,,525,65,110,130,60,65,95
0.6784785758033492,Glaceon,Ice,,525,65,60,110,130,95,65
0.037179110081751676,Gliscor,Ground,Flying,510,75,95,125,45,75,95
0.6445358977300714,Mamoswine,Ice,Ground,530,110,130,80,70,60,80
0.2904550397976374,Porygon-Z,Normal,,535,85,80,70,135,75,90
0.9979620805938523,Gallade,Psychic,Fighting,518,68,125,65,65,115,80
0.7368261812890342,GalladeMega Gallade,Psychic,Fighting,618,68,165,95,65,115,110
0.6547907337052278,Probopass,Rock,Steel,525,60,55,145,75,150,40
0.6949286145823355,Dusknoir,Ghost,,525,45,100,135,65,135,45
0.24155857437880024,Froslass,Ice,Ghost,480,70,80,70,80,70,110
0.40179646724784157,Rotom,Electric,Ghost,440,50,50,77,95,77,91
0.5023465109254278,RotomHeat Rotom,Electric,Fire,520,50,65,107,105,107,86
0.1504994454905042,RotomWash Rotom,Electric,Water,520,50,65,107,105,107,86
0.2727798328726708,RotomFrost Rotom,Electric,Ice,520,50,65,107,105,107,86
0.8422088204686142,RotomFan Rotom,Electric,Flying,520,50,65,107,105,107,86
0.12453835702047,RotomMow Rotom,Electric,Grass,520,50,65,107,105,107,86
0.41650490363696346,Uxie,Psychic,,580,75,75,130,75,130,95
0.24219901474678518,Mesprit,Psychic,,580,80,105,105,105,105,80
0.9160249738471198,Azelf,Psychic,,580,75,125,70,125,70,115
0.03620747154514381,Dialga,Steel,Dragon,680,100,120,120,150,100,90
0.30396608937279346,Palkia,Water,Dragon,680,90,120,100,150,120,100
0.8325868176341661,Heatran,Fire,Steel,600,91,90,106,130,106,77
0.2544468333916624,Regigigas,Normal,,670,110,160,110,80,110,100
0.45089634808025625,GiratinaAltered Forme,Ghost,Dragon,680,150,100,120,100,120,90
0.09836764617024318,GiratinaOrigin Forme,Ghost,Dragon,680,150,120,100,120,100,90
0.9043362215429778,Cresselia,Psychic,,600,120,70,120,75,130,85
0.7563842987588999,Phione,Water,,480,80,80,80,80,80,80
0.975260408020771,Manaphy,Water,,600,100,100,100,100,100,100
0.604245411773118,Darkrai,Dark,,600,70,90,90,135,90,125
0.25934601758151177,ShayminLand Forme,Grass,,600,100,100,100,100,100,100
0.775486369500566,ShayminSky Forme,Grass,Flying,600,100,103,75,120,75,127
0.9840264772200366,Arceus,Normal,,720,120,120,120,120,120,120
0.8468911890501835,Victini,Psychic,Fire,600,100,100,100,100,100,100
0.6214159969048002,Servine,Grass,,413,60,60,75,60,75,83
0.3109226501547504,Serperior,Grass,,528,75,75,95,75,95,113
0.9908360537115429,Emboar,Fire,Fighting,528,110,123,65,100,65,65
0.8073033470964766,Dewott,Water,,413,75,75,60,83,60,60
0.2173397508717777,Samurott,Water,,528,95,100,85,108,70,70
0.0570491519016908,Watchog,Normal,,420,60,85,69,60,69,77
0.9445694618218358,Herdier,Normal,,370,65,80,65,35,65,60
0.5635830084764158,Stoutland,Normal,,500,85,110,90,45,90,80
0.5352634505700339,Simisage,Grass,,498,75,98,63,98,63,101
0.8672860039167805,Simisear,Fire,,498,75,98,63,98,63,101
0.40125470713767597,Simipour,Water,,498,75,98,63,98,63,101
0.8652956184888891,Musharna,Psychic,,487,116,55,85,107,95,29
0.9355123712503253,Tranquill,Normal,Flying,358,62,77,62,50,42,65
0.04398126445485662,Unfezant,Normal,Flying,488,80,115,80,65,55,93
0.9484223168112155,Zebstrika,Electric,,497,75,100,63,80,63,116
0.4768876508300499,Roggenrola,Rock,,280,55,75,85,25,25,15
0.793968935530524,Boldore,Rock,,390,70,105,105,50,40,20
0.8787294532996482,Gigalith,Rock,,515,85,135,130,60,80,25
0.09177593717753818,Excadrill,Ground,Steel,508,110,135,60,50,65,88
0.5920693774354174,Audino,Normal,,445,103,60,86,60,86,50
0.7692197828212626,AudinoMega Audino,Normal,Fairy,545,103,60,126,80,126,50
0.03655957291127099,Gurdurr,Fighting,,405,85,105,85,40,50,40
0.05330544732318376,Conkeldurr,Fighting,,505,105,140,95,55,65,45
0.2431438148493692,Seismitoad,Water,Ground,509,105,95,75,85,75,74
0.6020713295202954,Throh,Fighting,,465,120,100,85,30,85,45
0.7026015797172122,Sawk,Fighting,,465,75,125,75,30,75,85
0.5754781560411398,Sewaddle,Bug,Grass,310,45,53,70,40,60,42
0.9075833275223896,Swadloon,Bug,Grass,380,55,63,90,50,80,42
0.5796668029796662,Leavanny,Bug,Grass,500,75,103,80,70,80,92
0.8912869500643849,Venipede,Bug,Poison,260,30,45,59,30,39,57
0.8779003019272483,Whirlipede,Bug,Poison,360,40,55,99,40,79,47
0.44872519468419514,Scolipede,Bug,Poison,485,60,100,89,55,69,112
0.42631995104617804,Cottonee,Grass,Fairy,280,40,27,60,37,50,66
0.9558331207890635,Whimsicott,Grass,Fairy,480,60,67,85,77,75,116
0.3708498786505863,Lilligant,Grass,,480,70,60,75,110,75,90
0.11827735611065282,Basculin,Water,,460,70,92,65,80,55,98
0.9193139322972129,Krookodile,Ground,Dark,519,95,117,80,65,70,92
0.12970740409762072,DarmanitanZen Mode,Fire,Psychic,540,105,30,105,140,105,55
0.5943392280909627,Maractus,Grass,,461,75,86,67,106,67,60
0.5953969439034099,Dwebble,Bug,Rock,325,50,65,85,35,35,55
0.9702963427896788,Crustle,Bug,Rock,475,70,95,125,65,75,45
0.8819615135306955,Scraggy,Dark,Fighting,348,50,75,70,35,70,48
0.1218733880974916,Scrafty,Dark,Fighting,488,65,90,115,45,115,58
0.9404232974384139,Sigilyph,Psychic,Flying,490,72,58,80,103,80,97
0.2615344531282193,Yamask,Ghost,,303,38,30,85,55,65,30
0.9747725855672458,Cofagrigus,Ghost,,483,58,50,145,95,105,30
0.8448285941413197,Tirtouga,Water,Rock,355,54,78,103,53,45,22
0.9009184768660127,Carracosta,Water,Rock,495,74,108,133,83,65,32
0.7811771589341316,Archeops,Rock,Flying,567,75,140,65,112,65,110
0.3742222237440994,Trubbish,Poison,,329,50,50,62,40,62,65
0.1363825736539318,Garbodor,Poison,,474,80,95,82,60,82,75
0.22348788815339193,Zoroark,Dark,,510,60,105,60,120,60,105
0.762803408277152,Cinccino,Normal,,470,75,95,60,65,60,115
0.584290734951436,Gothorita,Psychic,,390,60,45,70,75,85,55
0.8831864543248925,Gothitelle,Psychic,,490,70,55,95,95,110,65
0.49692432596917135,Reuniclus,Psychic,,490,110,65,75,125,85,30
0.6019193966964467,Swanna,Water,Flying,473,75,87,63,87,63,98
0.5492380744140908,Vanillish,Ice,,395,51,65,65,80,75,59
0.2684757876668069,Vanilluxe,Ice,,535,71,95,85,110,95,79
0.5805391141097496,Sawsbuck,Normal,Grass,475,80,100,70,60,70,95
0.2956994634509936,Emolga,Electric,Flying,428,55,75,60,75,60,103
9.894940497384708E-4,Escavalier,Bug,Steel,495,70,135,105,60,105,20
0.49207600749059444,Amoonguss,Grass,Poison,464,114,85,70,85,80,30
0.8561138680411902,Jellicent,Water,Ghost,480,100,60,70,85,105,60
0.8321492309692295,Alomomola,Water,,470,165,75,80,40,45,65
0.015838206873476812,Galvantula,Bug,Electric,472,70,77,60,97,60,108
0.320765256844189,Ferroseed,Grass,Steel,305,44,50,91,24,86,10
0.3827273149033329,Ferrothorn,Grass,Steel,489,74,94,131,54,116,20
0.7410010334741719,Klink,Steel,,300,40,55,70,45,60,30
0.5887235761087538,Klang,Steel,,440,60,80,95,70,85,50
0.4767160589407301,Klinklang,Steel,,520,60,100,115,70,85,90
0.5307815266341462,Eelektrik,Electric,,405,65,85,70,75,70,40
0.7110358488147853,Eelektross,Electric,,515,85,115,80,105,80,50
0.2335375820685619,Beheeyem,Psychic,,485,75,75,75,125,95,40
0.3922439613187545,Lampent,Ghost,Fire,370,60,40,60,95,60,55
0.8248722226289428,Chandelure,Ghost,Fire,520,60,55,90,145,90,80
0.7771579218585978,Axew,Dragon,,320,46,87,60,30,40,57
0.9743589042227603,Fraxure,Dragon,,410,66,117,70,40,50,67
0.785850026546852,Haxorus,Dragon,,540,76,147,90,60,70,97
0.5347185242544367,Beartic,Ice,,485,95,110,80,70,80,50
0.08543116273716722,Shelmet,Bug,,305,50,40,85,40,65,25
0.6052082608073316,Stunfisk,Ground,Electric,471,109,66,84,81,99,32
0.8475517181625508,Mienshao,Fighting,,510,65,125,60,95,60,105
0.019187189574460195,Druddigon,Dragon,,485,77,120,90,60,90,48
0.6554197121454897,Golurk,Ground,Ghost,483,89,124,80,55,80,55
0.764864160731038,Pawniard,Dark,Steel,340,45,85,70,40,40,60
0.5607540375744255,Bisharp,Dark,Steel,490,65,125,100,60,70,70
0.9505174262075413,Bouffalant,Normal,,490,95,110,95,40,95,55
0.8765571049475889,Braviary,Normal,Flying,510,100,123,75,57,75,80
0.19847412283045185,Vullaby,Dark,Flying,370,70,55,75,45,65,60
0.8334211815725223,Mandibuzz,Dark,Flying,510,110,65,105,55,95,80
0.32417192289657926,Heatmor,Fire,,484,85,97,66,105,66,65
0.6989020935563018,Durant,Bug,Steel,484,58,109,112,48,48,109
0.5591410069833261,Zweilous,Dark,Dragon,420,72,85,70,65,70,58
0.6630663353156476,Hydreigon,Dark,Dragon,600,92,105,90,125,90,98
0.5943108108655609,Volcarona,Bug,Fire,550,85,60,65,135,105,100
0.6085213591976203,Cobalion,Steel,Fighting,580,91,90,129,90,72,108
0.24035966009039567,Terrakion,Rock,Fighting,580,91,129,90,72,90,108
0.5180854591481406,Virizion,Grass,Fighting,580,91,90,72,90,129,108
0.3657048990365833,TornadusIncarnate Forme,Flying,,580,79,115,70,125,80,111
0.5138724562269836,TornadusTherian Forme,Flying,,580,79,100,80,110,90,121
0.0241245941980055,ThundurusIncarnate Forme,Electric,Flying,580,79,115,70,125,80,111
0.48221835570990634,ThundurusTherian Forme,Electric,Flying,580,79,105,70,145,80,101
0.8199753154844192,Reshiram,Dragon,Fire,680,100,120,100,150,120,90
0.6119431206367747,Zekrom,Dragon,Electric,680,100,150,120,120,100,90
0.7797245860352205,LandorusIncarnate Forme,Ground,Flying,600,89,125,90,115,80,101
0.47942830234972456,LandorusTherian Forme,Ground,Flying,600,89,145,90,105,80,91
0.45736673866801547,Kyurem,Dragon,Ice,660,125,130,90,130,90,95
0.15153593111230734,KyuremBlack Kyurem,Dragon,Ice,700,125,170,100,120,90,95
0.05468508089205648,KyuremWhite Kyurem,Dragon,Ice,700,125,120,90,170,100,95
0.07324934287394258,KeldeoOrdinary Forme,Water,Fighting,580,91,72,90,129,90,108
0.7948320273008378,KeldeoResolute Forme,Water,Fighting,580,91,72,90,129,90,108
0.7659698371264552,MeloettaAria Forme,Normal,Psychic,600,100,77,77,128,128,90
0.16201535076772455,MeloettaPirouette Forme,Normal,Fighting,600,100,128,90,77,77,128
0.9176582203815074,Genesect,Bug,Steel,600,71,120,95,120,95,99
0.3770257521875817,Chespin,Grass,,313,56,61,65,48,45,38
0.7086033215931977,Quilladin,Grass,,405,61,78,95,56,58,57
0.28686179995912686,Chesnaught,Grass,Fighting,530,88,107,122,74,75,64
0.9257853629100983,Braixen,Fire,,409,59,59,58,90,70,73
0.8288751321376453,Delphox,Fire,Psychic,534,75,69,72,114,100,104
0.8919663958069995,Greninja,Water,Dark,530,72,95,67,103,71,122
0.21086473018180096,Diggersby,Normal,Ground,423,85,56,77,50,77,78
0.6182878257653234,Talonflame,Fire,Flying,499,78,81,71,74,69,126
0.7067169886952028,Spewpa,Bug,,213,45,22,60,27,30,29
0.10492176659767738,Litleo,Fire,Normal,369,62,50,58,73,54,72
0.4839611261508856,Pyroar,Fire,Normal,507,86,68,72,109,66,106
0.9149641602316173,Florges,Fairy,,552,78,65,68,112,154,75
0.5895591867505031,Gogoat,Grass,,531,123,100,62,97,81,68
0.16215786481198324,Pancham,Fighting,,348,67,82,62,46,48,43
0.2610708099147132,Pangoro,Fighting,Dark,495,95,124,78,69,71,58
0.841199574584458,Furfrou,Normal,,472,75,80,60,65,90,102
0.19284605062861637,MeowsticMale,Psychic,,466,74,48,76,83,81,104
0.026449902643324807,MeowsticFemale,Psychic,,466,74,48,76,83,81,104
0.5650494858723205,Honedge,Steel,Ghost,325,45,80,100,35,37,28
0.235087170258803,Doublade,Steel,Ghost,448,59,110,150,45,49,35
0.284177053804477,AegislashShield Forme,Steel,Ghost,520,60,50,150,50,150,60
0.13650714216780935,Spritzee,Fairy,,341,78,52,60,63,65,23
0.4374866886793075,Aromatisse,Fairy,,462,101,72,72,99,89,29
0.5615791724106293,Swirlix,Fairy,,341,62,48,66,59,57,49
0.8337486568211567,Slurpuff,Fairy,,480,82,80,86,85,75,72
0.27185829755663427,Malamar,Dark,Psychic,482,86,92,88,68,75,73
0.29537249299093227,Binacle,Rock,Water,306,42,52,67,39,56,50
0.36677963353609644,Barbaracle,Rock,Water,500,72,105,115,54,86,68
0.1418592456931489,Skrelp,Poison,Water,320,50,60,60,60,60,30
0.2911087037291342,Dragalge,Poison,Dragon,494,65,75,90,97,123,44
0.8243519908468843,Clauncher,Water,,330,50,53,62,58,63,44
0.738497950454677,Clawitzer,Water,,500,71,73,88,120,89,59
0.6516376855346938,Tyrunt,Rock,Dragon,362,58,89,77,45,45,48
0.9910368413207875,Tyrantrum,Rock,Dragon,521,82,121,119,69,59,71
0.9082316898233842,Aurorus,Rock,Ice,521,123,77,72,99,92,58
0.3784404753011674,Sylveon,Fairy,,525,95,65,65,110,130,60
0.7772261721963138,Hawlucha,Fighting,Flying,500,78,92,75,74,63,118
0.15137969042944754,Dedenne,Electric,Fairy,431,67,58,57,81,67,101
0.4195975948011301,Carbink,Rock,Fairy,500,50,50,150,50,150,50
0.5369253115905732,Goodra,Dragon,,600,90,100,70,110,150,80
0.35596841946603586,Klefki,Steel,Fairy,470,57,80,91,80,87,75
0.5537898593566465,Trevenant,Ghost,Grass,474,85,110,76,65,82,56
0.1778499589559469,PumpkabooAverage Size,Ghost,Grass,335,49,66,70,44,55,51
0.11276279869853567,PumpkabooSmall Size,Ghost,Grass,335,44,66,70,44,55,56
0.26772446287205154,PumpkabooLarge Size,Ghost,Grass,335,54,66,70,44,55,46
0.39332965335722414,PumpkabooSuper Size,Ghost,Grass,335,59,66,70,44,55,41
0.018654674384416592,GourgeistAverage Size,Ghost,Grass,494,65,90,122,58,75,84
0.6789527668601678,GourgeistSmall Size,Ghost,Grass,494,55,85,122,58,75,99
0.3552537466305189,GourgeistLarge Size,Ghost,Grass,494,75,95,122,58,75,69
0.0370007454471859,GourgeistSuper Size,Ghost,Grass,494,85,100,122,58,75,54
0.7127571968210075,Bergmite,Ice,,304,55,69,85,32,35,28
0.059106558811265364,Avalugg,Ice,,514,95,117,184,44,46,28
0.026678598408895193,Noivern,Flying,Dragon,535,85,70,80,97,80,123
0.5261901447829049,Xerneas,Fairy,,680,126,131,95,131,98,99
0.4222995270120897,Yveltal,Dark,Flying,680,126,131,95,131,98,99
0.3500105056460905,Zygarde50% Forme,Dragon,Ground,600,108,100,121,81,95,95
0.8243600614728316,Diancie,Rock,Fairy,600,50,100,150,100,150,50
0.5685468274561102,DiancieMega Diancie,Rock,Fairy,700,50,160,110,160,110,110
0.48922690490404797,HoopaHoopa Confined,Psychic,Ghost,600,80,110,60,150,130,70
0.9625044966712494,HoopaHoopa Unbound,Psychic,Dark,680,80,160,60,170,130,80
0.8040891037902734,Volcanion,Fire,Water,600,80,110,120,130,90,70
